1000
0.0 1.83 0.0 0.0 1.83 0.0 0.0 1.83 0.0 0.0 1.83 0.0 0.0 1.83 0.0 0.0 0.0 1.83 0.0 0.0 0.0 1.83 0.0 1.83 0.0 0.0 1.83 0.0 0.0 1.83 0.0 1.83 0.0 0.0 1.83 0.0 0.0 0.0 0.0 0.0 1.83 
 
2000
0.0 1.95 0.0 0.0 1.95 0.0 0.0 1.95 0.0 0.0 1.95 0.0 0.0 1.95 0.0 0.0 0.0 1.95 0.0 0.0 0.0 1.95 0.0 1.95 0.0 0.0 1.95 0.0 0.0 1.95 0.0 1.95 0.0 0.0 1.95 0.0 0.0 0.0 0.0 0.0 1.95 
 
3000
0.0 1.93 0.0 0.0 1.93 0.0 0.0 1.93 0.0 0.0 1.93 0.0 0.0 1.93 0.0 0.0 0.0 1.93 0.0 0.0 0.0 1.93 0.0 1.93 0.0 0.0 1.93 0.0 0.0 1.93 0.0 1.93 0.0 0.0 1.93 0.0 0.0 0.0 0.0 0.0 1.93 
 
4000
0.0 1.8525 0.0 0.0 1.8525 0.0 0.0 1.8525 0.0 0.0 1.8525 0.0 0.0 1.8525 0.0 0.0 0.0 1.8525 0.0 0.0 0.0 1.8525 0.0 1.8525 0.0 0.0 1.8525 0.0 0.0 1.8525 0.0 1.8525 0.0 0.0 1.8525 0.0 0.0 0.0 0.0 0.0 1.8525 
 
5000
0.0 1.83 0.0 0.0 1.83 0.0 0.0 1.83 0.0 0.0 1.83 0.0 0.0 1.83 0.0 0.0 0.0 1.83 0.0 0.0 0.0 1.83 0.0 1.83 0.0 0.0 1.83 0.0 0.0 1.83 0.0 1.83 0.0 0.0 1.83 0.0 0.0 0.0 0.0 0.0 1.83 
 
6000
0.0 1.83 0.0 0.0 1.83 0.0 0.0 1.83 0.0 0.0 1.83 0.0 0.0 1.83 0.0 0.0 0.0 1.83 0.0 0.0 0.0 1.83 0.0 1.83 0.0 0.0 1.83 0.0 0.0 1.83 0.0 1.83 0.0 0.0 1.83 0.0 0.0 0.0 0.0 0.0 1.83 
 
7000
0.0 1.8557142857142856 0.0 0.0 1.8557142857142856 0.0 0.0 1.8557142857142856 0.0 0.0 1.8557142857142856 0.0 0.0 1.8557142857142856 0.0 0.0 0.0 1.8557142857142856 0.0 0.0 0.0 1.8557142857142856 0.0 1.8557142857142856 0.0 0.0 1.8557142857142856 0.0 0.0 1.8557142857142856 0.0 1.8557142857142856 0.0 0.0 1.8557142857142856 0.0 0.0 0.0 0.0 0.0 1.8557142857142856 
 
8000
0.0 1.86375 0.0 0.0 1.86375 0.0 0.0 1.86375 0.0 0.0 1.86375 0.0 0.0 1.86375 0.0 0.0 0.0 1.86375 0.0 0.0 0.0 1.86375 0.0 1.86375 0.0 0.0 1.86375 0.0 0.0 1.86375 0.0 1.86375 0.0 0.0 1.86375 0.0 0.0 0.0 0.0 0.0 1.86375 
 
9000
0.0 1.8566666666666667 0.0 0.0 1.8566666666666667 0.0 0.0 1.8566666666666667 0.0 0.0 1.8566666666666667 0.0 0.0 1.8566666666666667 0.0 0.0 0.0 1.8566666666666667 0.0 0.0 0.0 1.8566666666666667 0.0 1.8566666666666667 0.0 0.0 1.8566666666666667 0.0 0.0 1.8566666666666667 0.0 1.8566666666666667 0.0 0.0 1.8566666666666667 0.0 0.0 0.0 0.0 0.0 1.8566666666666667 
 
10000
0.0 1.866 0.0 0.0 1.866 0.0 0.0 1.866 0.0 0.0 1.866 0.0 0.0 1.866 0.0 0.0 0.0 1.866 0.0 0.0 0.0 1.866 0.0 1.866 0.0 0.0 1.866 0.0 0.0 1.866 0.0 1.866 0.0 0.0 1.866 0.0 0.0 0.0 0.0 0.0 1.866 
 
11000
0.0 1.8518181818181818 0.0 0.0 1.8518181818181818 0.0 0.0 1.8518181818181818 0.0 0.0 1.8518181818181818 0.0 0.0 1.8518181818181818 0.0 0.0 0.0 1.8518181818181818 0.0 0.0 0.0 1.8518181818181818 0.0 1.8518181818181818 0.0 0.0 1.8518181818181818 0.0 0.0 1.8518181818181818 0.0 1.8518181818181818 0.0 0.0 1.8518181818181818 0.0 0.0 0.0 0.0 0.0 1.8518181818181818 
 
12000
0.0 1.8175 0.0 0.0 1.8175 0.0 0.0 1.8175 0.0 0.0 1.8175 0.0 0.0 1.8175 0.0 0.0 0.0 1.8175 0.0 0.0 0.0 1.8175 0.0 1.8175 0.0 0.0 1.8175 0.0 0.0 1.8175 0.0 1.8175 0.0 0.0 1.8175 0.0 0.0 0.0 0.0 0.0 1.8175 
 
13000
0.0 1.8207692307692307 0.0 0.0 1.8207692307692307 0.0 0.0 1.8207692307692307 0.0 0.0 1.8207692307692307 0.0 0.0 1.8207692307692307 0.0 0.0 0.0 1.8207692307692307 0.0 0.0 0.0 1.8207692307692307 0.0 1.8207692307692307 0.0 0.0 1.8207692307692307 0.0 0.0 1.8207692307692307 0.0 1.8207692307692307 0.0 0.0 1.8207692307692307 0.0 0.0 0.0 0.0 0.0 1.8207692307692307 
 
14000
0.0 1.8235714285714286 0.0 0.0 1.8235714285714286 0.0 0.0 1.8235714285714286 0.0 0.0 1.8235714285714286 0.0 0.0 1.8235714285714286 0.0 0.0 0.0 1.8235714285714286 0.0 0.0 0.0 1.8235714285714286 0.0 1.8235714285714286 0.0 0.0 1.8235714285714286 0.0 0.0 1.8235714285714286 0.0 1.8235714285714286 0.0 0.0 1.8235714285714286 0.0 0.0 0.0 0.0 0.0 1.8235714285714286 
 
15000
0.0 1.84 0.0 0.0 1.84 0.0 0.0 1.84 0.0 0.0 1.84 0.0 0.0 1.84 0.0 0.0 0.0 1.84 0.0 0.0 0.0 1.84 0.0 1.84 0.0 0.0 1.84 0.0 0.0 1.84 0.0 1.84 0.0 0.0 1.84 0.0 0.0 0.0 0.0 0.0 1.84 
 
16000
0.0 1.875 0.0 0.0 1.875 0.0 0.0 1.875 0.0 0.0 1.875 0.0 0.0 1.875 0.0 0.0 0.0 1.875 0.0 0.0 0.0 1.875 0.0 1.875 0.0 0.0 1.875 0.0 0.0 1.875 0.0 1.875 0.0 0.0 1.875 0.0 0.0 0.0 0.0 0.0 1.875 
 
17000
0.0 1.8705882352941177 0.0 0.0 1.8705882352941177 0.0 0.0 1.8705882352941177 0.0 0.0 1.8705882352941177 0.0 0.0 1.8705882352941177 0.0 0.0 0.0 1.8705882352941177 0.0 0.0 0.0 1.8705882352941177 0.0 1.8705882352941177 0.0 0.0 1.8705882352941177 0.0 0.0 1.8705882352941177 0.0 1.8705882352941177 0.0 0.0 1.8705882352941177 0.0 0.0 0.0 0.0 0.0 1.8705882352941177 
 
18000
0.0 1.8383333333333334 0.0 0.0 1.8383333333333334 0.0 0.0 1.8383333333333334 0.0 0.0 1.8383333333333334 0.0 0.0 1.8383333333333334 0.0 0.0 0.0 1.8383333333333334 0.0 0.0 0.0 1.8383333333333334 0.0 1.8383333333333334 0.0 0.0 1.8383333333333334 0.0 0.0 1.8383333333333334 0.0 1.8383333333333334 0.0 0.0 1.8383333333333334 0.0 0.0 0.0 0.0 0.0 1.8383333333333334 
 
19000
0.0 1.8363157894736841 0.0 0.0 1.8363157894736841 0.0 0.0 1.8363157894736841 0.0 0.0 1.8363157894736841 0.0 0.0 1.8363157894736841 0.0 0.0 0.0 1.8363157894736841 0.0 0.0 0.0 1.8363157894736841 0.0 1.8363157894736841 0.0 0.0 1.8363157894736841 0.0 0.0 1.8363157894736841 0.0 1.8363157894736841 0.0 0.0 1.8363157894736841 0.0 0.0 0.0 0.0 0.0 1.8363157894736841 
 
20000
0.0 1.836 0.0 0.0 1.836 0.0 0.0 1.836 0.0 0.0 1.836 0.0 0.0 1.836 0.0 0.0 0.0 1.836 0.0 0.0 0.0 1.836 0.0 1.836 0.0 0.0 1.836 0.0 0.0 1.836 0.0 1.836 0.0 0.0 1.836 0.0 0.0 0.0 0.0 0.0 1.836 
 
21000
0.0 1.8442857142857143 0.0 0.0 1.8442857142857143 0.0 0.0 1.8442857142857143 0.0 0.0 1.8442857142857143 0.0 0.0 1.8442857142857143 0.0 0.0 0.0 1.8442857142857143 0.0 0.0 0.0 1.8442857142857143 0.0 1.8442857142857143 0.0 0.0 1.8442857142857143 0.0 0.0 1.8442857142857143 0.0 1.8442857142857143 0.0 0.0 1.8442857142857143 0.0 0.0 0.0 0.0 0.0 1.8442857142857143 
 
22000
0.0 1.8477272727272727 0.0 0.0 1.8477272727272727 0.0 0.0 1.8477272727272727 0.0 0.0 1.8477272727272727 0.0 0.0 1.8477272727272727 0.0 0.0 0.0 1.8477272727272727 0.0 0.0 0.0 1.8477272727272727 0.0 1.8477272727272727 0.0 0.0 1.8477272727272727 0.0 0.0 1.8477272727272727 0.0 1.8477272727272727 0.0 0.0 1.8477272727272727 0.0 0.0 0.0 0.0 0.0 1.8477272727272727 
 
23000
0.0 1.8313043478260869 0.0 0.0 1.8313043478260869 0.0 0.0 1.8313043478260869 0.0 0.0 1.8313043478260869 0.0 0.0 1.8313043478260869 0.0 0.0 0.0 1.8313043478260869 0.0 0.0 0.0 1.8313043478260869 0.0 1.8313043478260869 0.0 0.0 1.8313043478260869 0.0 0.0 1.8313043478260869 0.0 1.8313043478260869 0.0 0.0 1.8313043478260869 0.0 0.0 0.0 0.0 0.0 1.8313043478260869 
 
24000
0.0 1.82875 0.0 0.0 1.82875 0.0 0.0 1.82875 0.0 0.0 1.82875 0.0 0.0 1.82875 0.0 0.0 0.0 1.82875 0.0 0.0 0.0 1.82875 0.0 1.82875 0.0 0.0 1.82875 0.0 0.0 1.82875 0.0 1.82875 0.0 0.0 1.82875 0.0 0.0 0.0 0.0 0.0 1.82875 
 
25000
0.0 1.8204 0.0 0.0 1.8204 0.0 0.0 1.8204 0.0 0.0 1.8204 0.0 0.0 1.8204 0.0 0.0 0.0 1.8204 0.0 0.0 0.0 1.8204 0.0 1.8204 0.0 0.0 1.8204 0.0 0.0 1.8204 0.0 1.8204 0.0 0.0 1.8204 0.0 0.0 0.0 0.0 0.0 1.8204 
 
26000
0.0 1.823076923076923 0.0 0.0 1.823076923076923 0.0 0.0 1.823076923076923 0.0 0.0 1.823076923076923 0.0 0.0 1.823076923076923 0.0 0.0 0.0 1.823076923076923 0.0 0.0 0.0 1.823076923076923 0.0 1.823076923076923 0.0 0.0 1.823076923076923 0.0 0.0 1.823076923076923 0.0 1.823076923076923 0.0 0.0 1.823076923076923 0.0 0.0 0.0 0.0 0.0 1.823076923076923 
 
27000
0.0 1.8255555555555556 0.0 0.0 1.8255555555555556 0.0 0.0 1.8255555555555556 0.0 0.0 1.8255555555555556 0.0 0.0 1.8255555555555556 0.0 0.0 0.0 1.8255555555555556 0.0 0.0 0.0 1.8255555555555556 0.0 1.8255555555555556 0.0 0.0 1.8255555555555556 0.0 0.0 1.8255555555555556 0.0 1.8255555555555556 0.0 0.0 1.8255555555555556 0.0 0.0 0.0 0.0 0.0 1.8255555555555556 
 
28000
0.0 1.8310714285714285 0.0 0.0 1.8310714285714285 0.0 0.0 1.8310714285714285 0.0 0.0 1.8310714285714285 0.0 0.0 1.8310714285714285 0.0 0.0 0.0 1.8310714285714285 0.0 0.0 0.0 1.8310714285714285 0.0 1.8310714285714285 0.0 0.0 1.8310714285714285 0.0 0.0 1.8310714285714285 0.0 1.8310714285714285 0.0 0.0 1.8310714285714285 0.0 0.0 0.0 0.0 0.0 1.8310714285714285 
 
29000
0.0 1.8155172413793104 0.0 0.0 1.8155172413793104 0.0 0.0 1.8155172413793104 0.0 0.0 1.8155172413793104 0.0 0.0 1.8155172413793104 0.0 0.0 0.0 1.8155172413793104 0.0 0.0 0.0 1.8155172413793104 0.0 1.8155172413793104 0.0 0.0 1.8155172413793104 0.0 0.0 1.8155172413793104 0.0 1.8155172413793104 0.0 0.0 1.8155172413793104 0.0 0.0 0.0 0.0 0.0 1.8155172413793104 
 
30000
0.0 1.82 0.0 0.0 1.82 0.0 0.0 1.82 0.0 0.0 1.82 0.0 0.0 1.82 0.0 0.0 0.0 1.82 0.0 0.0 0.0 1.82 0.0 1.82 0.0 0.0 1.82 0.0 0.0 1.82 0.0 1.82 0.0 0.0 1.82 0.0 0.0 0.0 0.0 0.0 1.82 
 
31000
0.0 1.8106451612903225 0.0 0.0 1.8106451612903225 0.0 0.0 1.8106451612903225 0.0 0.0 1.8106451612903225 0.0 0.0 1.8106451612903225 0.0 0.0 0.0 1.8106451612903225 0.0 0.0 0.0 1.8106451612903225 0.0 1.8106451612903225 0.0 0.0 1.8106451612903225 0.0 0.0 1.8106451612903225 0.0 1.8106451612903225 0.0 0.0 1.8106451612903225 0.0 0.0 0.0 0.0 0.0 1.8106451612903225 
 
32000
0.0 1.8121875 0.0 0.0 1.8121875 0.0 0.0 1.8121875 0.0 0.0 1.8121875 0.0 0.0 1.8121875 0.0 0.0 0.0 1.8121875 0.0 0.0 0.0 1.8121875 0.0 1.8121875 0.0 0.0 1.8121875 0.0 0.0 1.8121875 0.0 1.8121875 0.0 0.0 1.8121875 0.0 0.0 0.0 0.0 0.0 1.8121875 
 
33000
0.0 1.8127272727272727 0.0 0.0 1.8127272727272727 0.0 0.0 1.8127272727272727 0.0 0.0 1.8127272727272727 0.0 0.0 1.8127272727272727 0.0 0.0 0.0 1.8127272727272727 0.0 0.0 0.0 1.8127272727272727 0.0 1.8127272727272727 0.0 0.0 1.8127272727272727 0.0 0.0 1.8127272727272727 0.0 1.8127272727272727 0.0 0.0 1.8127272727272727 0.0 0.0 0.0 0.0 0.0 1.8127272727272727 
 
34000
0.0 1.8158823529411765 0.0 0.0 1.8158823529411765 0.0 0.0 1.8158823529411765 0.0 0.0 1.8158823529411765 0.0 0.0 1.8158823529411765 0.0 0.0 0.0 1.8158823529411765 0.0 0.0 0.0 1.8158823529411765 0.0 1.8158823529411765 0.0 0.0 1.8158823529411765 0.0 0.0 1.8158823529411765 0.0 1.8158823529411765 0.0 0.0 1.8158823529411765 0.0 0.0 0.0 0.0 0.0 1.8158823529411765 
 
35000
0.0 1.824857142857143 0.0 0.0 1.824857142857143 0.0 0.0 1.824857142857143 0.0 0.0 1.824857142857143 0.0 0.0 1.824857142857143 0.0 0.0 0.0 1.824857142857143 0.0 0.0 0.0 1.824857142857143 0.0 1.824857142857143 0.0 0.0 1.824857142857143 0.0 0.0 1.824857142857143 0.0 1.824857142857143 0.0 0.0 1.824857142857143 0.0 0.0 0.0 0.0 0.0 1.824857142857143 
 
36000
0.0 1.8216666666666668 0.0 0.0 1.8216666666666668 0.0 0.0 1.8216666666666668 0.0 0.0 1.8216666666666668 0.0 0.0 1.8216666666666668 0.0 0.0 0.0 1.8216666666666668 0.0 0.0 0.0 1.8216666666666668 0.0 1.8216666666666668 0.0 0.0 1.8216666666666668 0.0 0.0 1.8216666666666668 0.0 1.8216666666666668 0.0 0.0 1.8216666666666668 0.0 0.0 0.0 0.0 0.0 1.8216666666666668 
 
37000
0.0 1.825135135135135 0.0 0.0 1.825135135135135 0.0 0.0 1.825135135135135 0.0 0.0 1.825135135135135 0.0 0.0 1.825135135135135 0.0 0.0 0.0 1.825135135135135 0.0 0.0 0.0 1.825135135135135 0.0 1.825135135135135 0.0 0.0 1.825135135135135 0.0 0.0 1.825135135135135 0.0 1.825135135135135 0.0 0.0 1.825135135135135 0.0 0.0 0.0 0.0 0.0 1.825135135135135 
 
38000
0.0 1.83 0.0 0.0 1.83 0.0 0.0 1.83 0.0 0.0 1.83 0.0 0.0 1.83 0.0 0.0 0.0 1.83 0.0 0.0 0.0 1.83 0.0 1.83 0.0 0.0 1.83 0.0 0.0 1.83 0.0 1.83 0.0 0.0 1.83 0.0 0.0 0.0 0.0 0.0 1.83 
 
39000
0.0 1.833846153846154 0.0 0.0 1.833846153846154 0.0 0.0 1.833846153846154 0.0 0.0 1.833846153846154 0.0 0.0 1.833846153846154 0.0 0.0 0.0 1.833846153846154 0.0 0.0 0.0 1.833846153846154 0.0 1.833846153846154 0.0 0.0 1.833846153846154 0.0 0.0 1.833846153846154 0.0 1.833846153846154 0.0 0.0 1.833846153846154 0.0 0.0 0.0 0.0 0.0 1.833846153846154 
 
40000
0.0 1.83375 0.0 0.0 1.83375 0.0 0.0 1.83375 0.0 0.0 1.83375 0.0 0.0 1.83375 0.0 0.0 0.0 1.83375 0.0 0.0 0.0 1.83375 0.0 1.83375 0.0 0.0 1.83375 0.0 0.0 1.83375 0.0 1.83375 0.0 0.0 1.83375 0.0 0.0 0.0 0.0 0.0 1.83375 
 
41000
0.0 1.8351219512195123 0.0 0.0 1.8351219512195123 0.0 0.0 1.8351219512195123 0.0 0.0 1.8351219512195123 0.0 0.0 1.8351219512195123 0.0 0.0 0.0 1.8351219512195123 0.0 0.0 0.0 1.8351219512195123 0.0 1.8351219512195123 0.0 0.0 1.8351219512195123 0.0 0.0 1.8351219512195123 0.0 1.8351219512195123 0.0 0.0 1.8351219512195123 0.0 0.0 0.0 0.0 0.0 1.8351219512195123 
 
42000
0.0 1.8335714285714286 0.0 0.0 1.8335714285714286 0.0 0.0 1.8335714285714286 0.0 0.0 1.8335714285714286 0.0 0.0 1.8335714285714286 0.0 0.0 0.0 1.8335714285714286 0.0 0.0 0.0 1.8335714285714286 0.0 1.8335714285714286 0.0 0.0 1.8335714285714286 0.0 0.0 1.8335714285714286 0.0 1.8335714285714286 0.0 0.0 1.8335714285714286 0.0 0.0 0.0 0.0 0.0 1.8335714285714286 
 
43000
0.0 1.8348837209302327 0.0 0.0 1.8348837209302327 0.0 0.0 1.8348837209302327 0.0 0.0 1.8348837209302327 0.0 0.0 1.8348837209302327 0.0 0.0 0.0 1.8348837209302327 0.0 0.0 0.0 1.8348837209302327 0.0 1.8348837209302327 0.0 0.0 1.8348837209302327 0.0 0.0 1.8348837209302327 0.0 1.8348837209302327 0.0 0.0 1.8348837209302327 0.0 0.0 0.0 0.0 0.0 1.8348837209302327 
 
44000
0.0 1.8354545454545454 0.0 0.0 1.8354545454545454 0.0 0.0 1.8354545454545454 0.0 0.0 1.8354545454545454 0.0 0.0 1.8354545454545454 0.0 0.0 0.0 1.8354545454545454 0.0 0.0 0.0 1.8354545454545454 0.0 1.8354545454545454 0.0 0.0 1.8354545454545454 0.0 0.0 1.8354545454545454 0.0 1.8354545454545454 0.0 0.0 1.8354545454545454 0.0 0.0 0.0 0.0 0.0 1.8354545454545454 
 
45000
0.0 1.8353333333333333 0.0 0.0 1.8353333333333333 0.0 0.0 1.8353333333333333 0.0 0.0 1.8353333333333333 0.0 0.0 1.8353333333333333 0.0 0.0 0.0 1.8353333333333333 0.0 0.0 0.0 1.8353333333333333 0.0 1.8353333333333333 0.0 0.0 1.8353333333333333 0.0 0.0 1.8353333333333333 0.0 1.8353333333333333 0.0 0.0 1.8353333333333333 0.0 0.0 0.0 0.0 0.0 1.8353333333333333 
 
46000
0.0 1.83 0.0 0.0 1.83 0.0 0.0 1.83 0.0 0.0 1.83 0.0 0.0 1.83 0.0 0.0 0.0 1.83 0.0 0.0 0.0 1.83 0.0 1.83 0.0 0.0 1.83 0.0 0.0 1.83 0.0 1.83 0.0 0.0 1.83 0.0 0.0 0.0 0.0 0.0 1.83 
 
47000
0.0 1.8293617021276596 0.0 0.0 1.8293617021276596 0.0 0.0 1.8293617021276596 0.0 0.0 1.8293617021276596 0.0 0.0 1.8293617021276596 0.0 0.0 0.0 1.8293617021276596 0.0 0.0 0.0 1.8293617021276596 0.0 1.8293617021276596 0.0 0.0 1.8293617021276596 0.0 0.0 1.8293617021276596 0.0 1.8293617021276596 0.0 0.0 1.8293617021276596 0.0 0.0 0.0 0.0 0.0 1.8293617021276596 
 
48000
0.0 1.828125 0.0 0.0 1.828125 0.0 0.0 1.828125 0.0 0.0 1.828125 0.0 0.0 1.828125 0.0 0.0 0.0 1.828125 0.0 0.0 0.0 1.828125 0.0 1.828125 0.0 0.0 1.828125 0.0 0.0 1.828125 0.0 1.828125 0.0 0.0 1.828125 0.0 0.0 0.0 0.0 0.0 1.828125 
 
49000
0.0 1.83 0.0 0.0 1.83 0.0 0.0 1.83 0.0 0.0 1.83 0.0 0.0 1.83 0.0 0.0 0.0 1.83 0.0 0.0 0.0 1.83 0.0 1.83 0.0 0.0 1.83 0.0 0.0 1.83 0.0 1.83 0.0 0.0 1.83 0.0 0.0 0.0 0.0 0.0 1.83 
 
50000
0.0 1.8342 0.0 0.0 1.8342 0.0 0.0 1.8342 0.0 0.0 1.8342 0.0 0.0 1.8342 0.0 0.0 0.0 1.8342 0.0 0.0 0.0 1.8342 0.0 1.8342 0.0 0.0 1.8342 0.0 0.0 1.8342 0.0 1.8342 0.0 0.0 1.8342 0.0 0.0 0.0 0.0 0.0 1.8342 
 
51000
0.0 1.8294117647058823 0.0 0.0 1.8294117647058823 0.0 0.0 1.8294117647058823 0.0 0.0 1.8294117647058823 0.0 0.0 1.8294117647058823 0.0 0.0 0.0 1.8294117647058823 0.0 0.0 0.0 1.8294117647058823 0.0 1.8294117647058823 0.0 0.0 1.8294117647058823 0.0 0.0 1.8294117647058823 0.0 1.8294117647058823 0.0 0.0 1.8294117647058823 0.0 0.0 0.0 0.0 0.0 1.8294117647058823 
 
52000
0.0 1.8201923076923077 0.0 0.0 1.8201923076923077 0.0 0.0 1.8201923076923077 0.0 0.0 1.8201923076923077 0.0 0.0 1.8201923076923077 0.0 0.0 0.0 1.8201923076923077 0.0 0.0 0.0 1.8201923076923077 0.0 1.8201923076923077 0.0 0.0 1.8201923076923077 0.0 0.0 1.8201923076923077 0.0 1.8201923076923077 0.0 0.0 1.8201923076923077 0.0 0.0 0.0 0.0 0.0 1.8201923076923077 
 
53000
0.0 1.819811320754717 0.0 0.0 1.819811320754717 0.0 0.0 1.819811320754717 0.0 0.0 1.819811320754717 0.0 0.0 1.819811320754717 0.0 0.0 0.0 1.819811320754717 0.0 0.0 0.0 1.819811320754717 0.0 1.819811320754717 0.0 0.0 1.819811320754717 0.0 0.0 1.819811320754717 0.0 1.819811320754717 0.0 0.0 1.819811320754717 0.0 0.0 0.0 0.0 0.0 1.819811320754717 
 
54000
0.0 1.816111111111111 0.0 0.0 1.816111111111111 0.0 0.0 1.816111111111111 0.0 0.0 1.816111111111111 0.0 0.0 1.816111111111111 0.0 0.0 0.0 1.816111111111111 0.0 0.0 0.0 1.816111111111111 0.0 1.816111111111111 0.0 0.0 1.816111111111111 0.0 0.0 1.816111111111111 0.0 1.816111111111111 0.0 0.0 1.816111111111111 0.0 0.0 0.0 0.0 0.0 1.816111111111111 
 
55000
0.0 1.8234545454545454 0.0 0.0 1.8234545454545454 0.0 0.0 1.8234545454545454 0.0 0.0 1.8234545454545454 0.0 0.0 1.8234545454545454 0.0 0.0 0.0 1.8234545454545454 0.0 0.0 0.0 1.8234545454545454 0.0 1.8234545454545454 0.0 0.0 1.8234545454545454 0.0 0.0 1.8234545454545454 0.0 1.8234545454545454 0.0 0.0 1.8234545454545454 0.0 0.0 0.0 0.0 0.0 1.8234545454545454 
 
56000
0.0 1.8257142857142856 0.0 0.0 1.8257142857142856 0.0 0.0 1.8257142857142856 0.0 0.0 1.8257142857142856 0.0 0.0 1.8257142857142856 0.0 0.0 0.0 1.8257142857142856 0.0 0.0 0.0 1.8257142857142856 0.0 1.8257142857142856 0.0 0.0 1.8257142857142856 0.0 0.0 1.8257142857142856 0.0 1.8257142857142856 0.0 0.0 1.8257142857142856 0.0 0.0 0.0 0.0 0.0 1.8257142857142856 
 
57000
0.0 1.8257894736842106 0.0 0.0 1.8257894736842106 0.0 0.0 1.8257894736842106 0.0 0.0 1.8257894736842106 0.0 0.0 1.8257894736842106 0.0 0.0 0.0 1.8257894736842106 0.0 0.0 0.0 1.8257894736842106 0.0 1.8257894736842106 0.0 0.0 1.8257894736842106 0.0 0.0 1.8257894736842106 0.0 1.8257894736842106 0.0 0.0 1.8257894736842106 0.0 0.0 0.0 0.0 0.0 1.8257894736842106 
 
58000
0.0 1.822758620689655 0.0 0.0 1.822758620689655 0.0 0.0 1.822758620689655 0.0 0.0 1.822758620689655 0.0 0.0 1.822758620689655 0.0 0.0 0.0 1.822758620689655 0.0 0.0 0.0 1.822758620689655 0.0 1.822758620689655 0.0 0.0 1.822758620689655 0.0 0.0 1.822758620689655 0.0 1.822758620689655 0.0 0.0 1.822758620689655 0.0 0.0 0.0 0.0 0.0 1.822758620689655 
 
59000
0.0 1.8177966101694916 0.0 0.0 1.8177966101694916 0.0 0.0 1.8177966101694916 0.0 0.0 1.8177966101694916 0.0 0.0 1.8177966101694916 0.0 0.0 0.0 1.8177966101694916 0.0 0.0 0.0 1.8177966101694916 0.0 1.8177966101694916 0.0 0.0 1.8177966101694916 0.0 0.0 1.8177966101694916 0.0 1.8177966101694916 0.0 0.0 1.8177966101694916 0.0 0.0 0.0 0.0 0.0 1.8177966101694916 
 
60000
0.0 1.8195 0.0 0.0 1.8195 0.0 0.0 1.8195 0.0 0.0 1.8195 0.0 0.0 1.8195 0.0 0.0 0.0 1.8195 0.0 0.0 0.0 1.8195 0.0 1.8195 0.0 0.0 1.8195 0.0 0.0 1.8195 0.0 1.8195 0.0 0.0 1.8195 0.0 0.0 0.0 0.0 0.0 1.8195 
 
61000
0.0 1.8181967213114754 0.0 0.0 1.8181967213114754 0.0 0.0 1.8181967213114754 0.0 0.0 1.8181967213114754 0.0 0.0 1.8181967213114754 0.0 0.0 0.0 1.8181967213114754 0.0 0.0 0.0 1.8181967213114754 0.0 1.8181967213114754 0.0 0.0 1.8181967213114754 0.0 0.0 1.8181967213114754 0.0 1.8181967213114754 0.0 0.0 1.8181967213114754 0.0 0.0 0.0 0.0 0.0 1.8181967213114754 
 
62000
0.0 1.821774193548387 0.0 0.0 1.821774193548387 0.0 0.0 1.821774193548387 0.0 0.0 1.821774193548387 0.0 0.0 1.821774193548387 0.0 0.0 0.0 1.821774193548387 0.0 0.0 0.0 1.821774193548387 0.0 1.821774193548387 0.0 0.0 1.821774193548387 0.0 0.0 1.821774193548387 0.0 1.821774193548387 0.0 0.0 1.821774193548387 0.0 0.0 0.0 0.0 0.0 1.821774193548387 
 
63000
0.0 1.8185714285714285 0.0 0.0 1.8185714285714285 0.0 0.0 1.8185714285714285 0.0 0.0 1.8185714285714285 0.0 0.0 1.8185714285714285 0.0 0.0 0.0 1.8185714285714285 0.0 0.0 0.0 1.8185714285714285 0.0 1.8185714285714285 0.0 0.0 1.8185714285714285 0.0 0.0 1.8185714285714285 0.0 1.8185714285714285 0.0 0.0 1.8185714285714285 0.0 0.0 0.0 0.0 0.0 1.8185714285714285 
 
64000
0.0 1.81828125 0.0 0.0 1.81828125 0.0 0.0 1.81828125 0.0 0.0 1.81828125 0.0 0.0 1.81828125 0.0 0.0 0.0 1.81828125 0.0 0.0 0.0 1.81828125 0.0 1.81828125 0.0 0.0 1.81828125 0.0 0.0 1.81828125 0.0 1.81828125 0.0 0.0 1.81828125 0.0 0.0 0.0 0.0 0.0 1.81828125 
 
65000
0.0 1.8175384615384615 0.0 0.0 1.8175384615384615 0.0 0.0 1.8175384615384615 0.0 0.0 1.8175384615384615 0.0 0.0 1.8175384615384615 0.0 0.0 0.0 1.8175384615384615 0.0 0.0 0.0 1.8175384615384615 0.0 1.8175384615384615 0.0 0.0 1.8175384615384615 0.0 0.0 1.8175384615384615 0.0 1.8175384615384615 0.0 0.0 1.8175384615384615 0.0 0.0 0.0 0.0 0.0 1.8175384615384615 
 
66000
0.0 1.8172727272727274 0.0 0.0 1.8172727272727274 0.0 0.0 1.8172727272727274 0.0 0.0 1.8172727272727274 0.0 0.0 1.8172727272727274 0.0 0.0 0.0 1.8172727272727274 0.0 0.0 0.0 1.8172727272727274 0.0 1.8172727272727274 0.0 0.0 1.8172727272727274 0.0 0.0 1.8172727272727274 0.0 1.8172727272727274 0.0 0.0 1.8172727272727274 0.0 0.0 0.0 0.0 0.0 1.8172727272727274 
 
67000
0.0 1.8174626865671641 0.0 0.0 1.8174626865671641 0.0 0.0 1.8174626865671641 0.0 0.0 1.8174626865671641 0.0 0.0 1.8174626865671641 0.0 0.0 0.0 1.8174626865671641 0.0 0.0 0.0 1.8174626865671641 0.0 1.8174626865671641 0.0 0.0 1.8174626865671641 0.0 0.0 1.8174626865671641 0.0 1.8174626865671641 0.0 0.0 1.8174626865671641 0.0 0.0 0.0 0.0 0.0 1.8174626865671641 
 
68000
0.0 1.8233823529411766 0.0 0.0 1.8233823529411766 0.0 0.0 1.8233823529411766 0.0 0.0 1.8233823529411766 0.0 0.0 1.8233823529411766 0.0 0.0 0.0 1.8233823529411766 0.0 0.0 0.0 1.8233823529411766 0.0 1.8233823529411766 0.0 0.0 1.8233823529411766 0.0 0.0 1.8233823529411766 0.0 1.8233823529411766 0.0 0.0 1.8233823529411766 0.0 0.0 0.0 0.0 0.0 1.8233823529411766 
 
69000
0.0 1.8221739130434782 0.0 0.0 1.8221739130434782 0.0 0.0 1.8221739130434782 0.0 0.0 1.8221739130434782 0.0 0.0 1.8221739130434782 0.0 0.0 0.0 1.8221739130434782 0.0 0.0 0.0 1.8221739130434782 0.0 1.8221739130434782 0.0 0.0 1.8221739130434782 0.0 0.0 1.8221739130434782 0.0 1.8221739130434782 0.0 0.0 1.8221739130434782 0.0 0.0 0.0 0.0 0.0 1.8221739130434782 
 
70000
0.0 1.8171428571428572 0.0 0.0 1.8171428571428572 0.0 0.0 1.8171428571428572 0.0 0.0 1.8171428571428572 0.0 0.0 1.8171428571428572 0.0 0.0 0.0 1.8171428571428572 0.0 0.0 0.0 1.8171428571428572 0.0 1.8171428571428572 0.0 0.0 1.8171428571428572 0.0 0.0 1.8171428571428572 0.0 1.8171428571428572 0.0 0.0 1.8171428571428572 0.0 0.0 0.0 0.0 0.0 1.8171428571428572 
 
71000
0.0 1.8152112676056338 0.0 0.0 1.8152112676056338 0.0 0.0 1.8152112676056338 0.0 0.0 1.8152112676056338 0.0 0.0 1.8152112676056338 0.0 0.0 0.0 1.8152112676056338 0.0 0.0 0.0 1.8152112676056338 0.0 1.8152112676056338 0.0 0.0 1.8152112676056338 0.0 0.0 1.8152112676056338 0.0 1.8152112676056338 0.0 0.0 1.8152112676056338 0.0 0.0 0.0 0.0 0.0 1.8152112676056338 
 
72000
0.0 1.8133333333333332 0.0 0.0 1.8133333333333332 0.0 0.0 1.8133333333333332 0.0 0.0 1.8133333333333332 0.0 0.0 1.8133333333333332 0.0 0.0 0.0 1.8133333333333332 0.0 0.0 0.0 1.8133333333333332 0.0 1.8133333333333332 0.0 0.0 1.8133333333333332 0.0 0.0 1.8133333333333332 0.0 1.8133333333333332 0.0 0.0 1.8133333333333332 0.0 0.0 0.0 0.0 0.0 1.8133333333333332 
 
73000
0.0 1.8147945205479452 0.0 0.0 1.8147945205479452 0.0 0.0 1.8147945205479452 0.0 0.0 1.8147945205479452 0.0 0.0 1.8147945205479452 0.0 0.0 0.0 1.8147945205479452 0.0 0.0 0.0 1.8147945205479452 0.0 1.8147945205479452 0.0 0.0 1.8147945205479452 0.0 0.0 1.8147945205479452 0.0 1.8147945205479452 0.0 0.0 1.8147945205479452 0.0 0.0 0.0 0.0 0.0 1.8147945205479452 
 
74000
0.0 1.8158108108108109 0.0 0.0 1.8158108108108109 0.0 0.0 1.8158108108108109 0.0 0.0 1.8158108108108109 0.0 0.0 1.8158108108108109 0.0 0.0 0.0 1.8158108108108109 0.0 0.0 0.0 1.8158108108108109 0.0 1.8158108108108109 0.0 0.0 1.8158108108108109 0.0 0.0 1.8158108108108109 0.0 1.8158108108108109 0.0 0.0 1.8158108108108109 0.0 0.0 0.0 0.0 0.0 1.8158108108108109 
 
75000
0.0 1.8156 0.0 0.0 1.8156 0.0 0.0 1.8156 0.0 0.0 1.8156 0.0 0.0 1.8156 0.0 0.0 0.0 1.8156 0.0 0.0 0.0 1.8156 0.0 1.8156 0.0 0.0 1.8156 0.0 0.0 1.8156 0.0 1.8156 0.0 0.0 1.8156 0.0 0.0 0.0 0.0 0.0 1.8156 
 
76000
0.0 1.8106578947368421 0.0 0.0 1.8106578947368421 0.0 0.0 1.8106578947368421 0.0 0.0 1.8106578947368421 0.0 0.0 1.8106578947368421 0.0 0.0 0.0 1.8106578947368421 0.0 0.0 0.0 1.8106578947368421 0.0 1.8106578947368421 0.0 0.0 1.8106578947368421 0.0 0.0 1.8106578947368421 0.0 1.8106578947368421 0.0 0.0 1.8106578947368421 0.0 0.0 0.0 0.0 0.0 1.8106578947368421 
 
77000
0.0 1.8089610389610389 0.0 0.0 1.8089610389610389 0.0 0.0 1.8089610389610389 0.0 0.0 1.8089610389610389 0.0 0.0 1.8089610389610389 0.0 0.0 0.0 1.8089610389610389 0.0 0.0 0.0 1.8089610389610389 0.0 1.8089610389610389 0.0 0.0 1.8089610389610389 0.0 0.0 1.8089610389610389 0.0 1.8089610389610389 0.0 0.0 1.8089610389610389 0.0 0.0 0.0 0.0 0.0 1.8089610389610389 
 
78000
0.0 1.8134615384615385 0.0 0.0 1.8134615384615385 0.0 0.0 1.8134615384615385 0.0 0.0 1.8134615384615385 0.0 0.0 1.8134615384615385 0.0 0.0 0.0 1.8134615384615385 0.0 0.0 0.0 1.8134615384615385 0.0 1.8134615384615385 0.0 0.0 1.8134615384615385 0.0 0.0 1.8134615384615385 0.0 1.8134615384615385 0.0 0.0 1.8134615384615385 0.0 0.0 0.0 0.0 0.0 1.8134615384615385 
 
79000
0.0 1.8151898734177214 0.0 0.0 1.8151898734177214 0.0 0.0 1.8151898734177214 0.0 0.0 1.8151898734177214 0.0 0.0 1.8151898734177214 0.0 0.0 0.0 1.8151898734177214 0.0 0.0 0.0 1.8151898734177214 0.0 1.8151898734177214 0.0 0.0 1.8151898734177214 0.0 0.0 1.8151898734177214 0.0 1.8151898734177214 0.0 0.0 1.8151898734177214 0.0 0.0 0.0 0.0 0.0 1.8151898734177214 
 
80000
0.0 1.821375 0.0 0.0 1.821375 0.0 0.0 1.821375 0.0 0.0 1.821375 0.0 0.0 1.821375 0.0 0.0 0.0 1.821375 0.0 0.0 0.0 1.821375 0.0 1.821375 0.0 0.0 1.821375 0.0 0.0 1.821375 0.0 1.821375 0.0 0.0 1.821375 0.0 0.0 0.0 0.0 0.0 1.821375 
 
81000
0.0 1.8192592592592594 0.0 0.0 1.8192592592592594 0.0 0.0 1.8192592592592594 0.0 0.0 1.8192592592592594 0.0 0.0 1.8192592592592594 0.0 0.0 0.0 1.8192592592592594 0.0 0.0 0.0 1.8192592592592594 0.0 1.8192592592592594 0.0 0.0 1.8192592592592594 0.0 0.0 1.8192592592592594 0.0 1.8192592592592594 0.0 0.0 1.8192592592592594 0.0 0.0 0.0 0.0 0.0 1.8192592592592594 
 
82000
0.0 1.8226829268292684 0.0 0.0 1.8226829268292684 0.0 0.0 1.8226829268292684 0.0 0.0 1.8226829268292684 0.0 0.0 1.8226829268292684 0.0 0.0 0.0 1.8226829268292684 0.0 0.0 0.0 1.8226829268292684 0.0 1.8226829268292684 0.0 0.0 1.8226829268292684 0.0 0.0 1.8226829268292684 0.0 1.8226829268292684 0.0 0.0 1.8226829268292684 0.0 0.0 0.0 0.0 0.0 1.8226829268292684 
 
83000
0.0 1.823855421686747 0.0 0.0 1.823855421686747 0.0 0.0 1.823855421686747 0.0 0.0 1.823855421686747 0.0 0.0 1.823855421686747 0.0 0.0 0.0 1.823855421686747 0.0 0.0 0.0 1.823855421686747 0.0 1.823855421686747 0.0 0.0 1.823855421686747 0.0 0.0 1.823855421686747 0.0 1.823855421686747 0.0 0.0 1.823855421686747 0.0 0.0 0.0 0.0 0.0 1.823855421686747 
 
84000
0.0 1.822142857142857 0.0 0.0 1.822142857142857 0.0 0.0 1.822142857142857 0.0 0.0 1.822142857142857 0.0 0.0 1.822142857142857 0.0 0.0 0.0 1.822142857142857 0.0 0.0 0.0 1.822142857142857 0.0 1.822142857142857 0.0 0.0 1.822142857142857 0.0 0.0 1.822142857142857 0.0 1.822142857142857 0.0 0.0 1.822142857142857 0.0 0.0 0.0 0.0 0.0 1.822142857142857 
 
85000
0.0 1.8310588235294118 0.0 0.0 1.8310588235294118 0.0 0.0 1.8310588235294118 0.0 0.0 1.8310588235294118 0.0 0.0 1.8310588235294118 0.0 0.0 0.0 1.8310588235294118 0.0 0.0 0.0 1.8310588235294118 0.0 1.8310588235294118 0.0 0.0 1.8310588235294118 0.0 0.0 1.8310588235294118 0.0 1.8310588235294118 0.0 0.0 1.8310588235294118 0.0 0.0 0.0 0.0 0.0 1.8310588235294118 
 
86000
0.0 1.8306976744186048 0.0 0.0 1.8306976744186048 0.0 0.0 1.8306976744186048 0.0 0.0 1.8306976744186048 0.0 0.0 1.8306976744186048 0.0 0.0 0.0 1.8306976744186048 0.0 0.0 0.0 1.8306976744186048 0.0 1.8306976744186048 0.0 0.0 1.8306976744186048 0.0 0.0 1.8306976744186048 0.0 1.8306976744186048 0.0 0.0 1.8306976744186048 0.0 0.0 0.0 0.0 0.0 1.8306976744186048 
 
87000
0.0 1.8303448275862069 0.0 0.0 1.8303448275862069 0.0 0.0 1.8303448275862069 0.0 0.0 1.8303448275862069 0.0 0.0 1.8303448275862069 0.0 0.0 0.0 1.8303448275862069 0.0 0.0 0.0 1.8303448275862069 0.0 1.8303448275862069 0.0 0.0 1.8303448275862069 0.0 0.0 1.8303448275862069 0.0 1.8303448275862069 0.0 0.0 1.8303448275862069 0.0 0.0 0.0 0.0 0.0 1.8303448275862069 
 
88000
0.0 1.8286363636363636 0.0 0.0 1.8286363636363636 0.0 0.0 1.8286363636363636 0.0 0.0 1.8286363636363636 0.0 0.0 1.8286363636363636 0.0 0.0 0.0 1.8286363636363636 0.0 0.0 0.0 1.8286363636363636 0.0 1.8286363636363636 0.0 0.0 1.8286363636363636 0.0 0.0 1.8286363636363636 0.0 1.8286363636363636 0.0 0.0 1.8286363636363636 0.0 0.0 0.0 0.0 0.0 1.8286363636363636 
 
89000
0.0 1.8293258426966292 0.0 0.0 1.8293258426966292 0.0 0.0 1.8293258426966292 0.0 0.0 1.8293258426966292 0.0 0.0 1.8293258426966292 0.0 0.0 0.0 1.8293258426966292 0.0 0.0 0.0 1.8293258426966292 0.0 1.8293258426966292 0.0 0.0 1.8293258426966292 0.0 0.0 1.8293258426966292 0.0 1.8293258426966292 0.0 0.0 1.8293258426966292 0.0 0.0 0.0 0.0 0.0 1.8293258426966292 
 
90000
0.0 1.834 0.0 0.0 1.834 0.0 0.0 1.834 0.0 0.0 1.834 0.0 0.0 1.834 0.0 0.0 0.0 1.834 0.0 0.0 0.0 1.834 0.0 1.834 0.0 0.0 1.834 0.0 0.0 1.834 0.0 1.834 0.0 0.0 1.834 0.0 0.0 0.0 0.0 0.0 1.834 
 
91000
0.0 1.8365934065934066 0.0 0.0 1.8365934065934066 0.0 0.0 1.8365934065934066 0.0 0.0 1.8365934065934066 0.0 0.0 1.8365934065934066 0.0 0.0 0.0 1.8365934065934066 0.0 0.0 0.0 1.8365934065934066 0.0 1.8365934065934066 0.0 0.0 1.8365934065934066 0.0 0.0 1.8365934065934066 0.0 1.8365934065934066 0.0 0.0 1.8365934065934066 0.0 0.0 0.0 0.0 0.0 1.8365934065934066 
 
92000
0.0 1.8361956521739131 0.0 0.0 1.8361956521739131 0.0 0.0 1.8361956521739131 0.0 0.0 1.8361956521739131 0.0 0.0 1.8361956521739131 0.0 0.0 0.0 1.8361956521739131 0.0 0.0 0.0 1.8361956521739131 0.0 1.8361956521739131 0.0 0.0 1.8361956521739131 0.0 0.0 1.8361956521739131 0.0 1.8361956521739131 0.0 0.0 1.8361956521739131 0.0 0.0 0.0 0.0 0.0 1.8361956521739131 
 
93000
0.0 1.843225806451613 0.0 0.0 1.843225806451613 0.0 0.0 1.843225806451613 0.0 0.0 1.843225806451613 0.0 0.0 1.843225806451613 0.0 0.0 0.0 1.843225806451613 0.0 0.0 0.0 1.843225806451613 0.0 1.843225806451613 0.0 0.0 1.843225806451613 0.0 0.0 1.843225806451613 0.0 1.843225806451613 0.0 0.0 1.843225806451613 0.0 0.0 0.0 0.0 0.0 1.843225806451613 
 
94000
0.0 1.845 0.0 0.0 1.845 0.0 0.0 1.845 0.0 0.0 1.845 0.0 0.0 1.845 0.0 0.0 0.0 1.845 0.0 0.0 0.0 1.845 0.0 1.845 0.0 0.0 1.845 0.0 0.0 1.845 0.0 1.845 0.0 0.0 1.845 0.0 0.0 0.0 0.0 0.0 1.845 
 
95000
0.0 1.8445263157894738 0.0 0.0 1.8445263157894738 0.0 0.0 1.8445263157894738 0.0 0.0 1.8445263157894738 0.0 0.0 1.8445263157894738 0.0 0.0 0.0 1.8445263157894738 0.0 0.0 0.0 1.8445263157894738 0.0 1.8445263157894738 0.0 0.0 1.8445263157894738 0.0 0.0 1.8445263157894738 0.0 1.8445263157894738 0.0 0.0 1.8445263157894738 0.0 0.0 0.0 0.0 0.0 1.8445263157894738 
 
96000
0.0 1.84375 0.0 0.0 1.84375 0.0 0.0 1.84375 0.0 0.0 1.84375 0.0 0.0 1.84375 0.0 0.0 0.0 1.84375 0.0 0.0 0.0 1.84375 0.0 1.84375 0.0 0.0 1.84375 0.0 0.0 1.84375 0.0 1.84375 0.0 0.0 1.84375 0.0 0.0 0.0 0.0 0.0 1.84375 
 
97000
0.0 1.842680412371134 0.0 0.0 1.842680412371134 0.0 0.0 1.842680412371134 0.0 0.0 1.842680412371134 0.0 0.0 1.842680412371134 0.0 0.0 0.0 1.842680412371134 0.0 0.0 0.0 1.842680412371134 0.0 1.842680412371134 0.0 0.0 1.842680412371134 0.0 0.0 1.842680412371134 0.0 1.842680412371134 0.0 0.0 1.842680412371134 0.0 0.0 0.0 0.0 0.0 1.842680412371134 
 
98000
0.0 1.8370408163265306 0.0 0.0 1.8370408163265306 0.0 0.0 1.8370408163265306 0.0 0.0 1.8370408163265306 0.0 0.0 1.8370408163265306 0.0 0.0 0.0 1.8370408163265306 0.0 0.0 0.0 1.8370408163265306 0.0 1.8370408163265306 0.0 0.0 1.8370408163265306 0.0 0.0 1.8370408163265306 0.0 1.8370408163265306 0.0 0.0 1.8370408163265306 0.0 0.0 0.0 0.0 0.0 1.8370408163265306 
 
99000
0.0 1.8360606060606062 0.0 0.0 1.8360606060606062 0.0 0.0 1.8360606060606062 0.0 0.0 1.8360606060606062 0.0 0.0 1.8360606060606062 0.0 0.0 0.0 1.8360606060606062 0.0 0.0 0.0 1.8360606060606062 0.0 1.8360606060606062 0.0 0.0 1.8360606060606062 0.0 0.0 1.8360606060606062 0.0 1.8360606060606062 0.0 0.0 1.8360606060606062 0.0 0.0 0.0 0.0 0.0 1.8360606060606062 
 
100000
0.0 1.8327 0.0 0.0 1.8327 0.0 0.0 1.8327 0.0 0.0 1.8327 0.0 0.0 1.8327 0.0 0.0 0.0 1.8327 0.0 0.0 0.0 1.8327 0.0 1.8327 0.0 0.0 1.8327 0.0 0.0 1.8327 0.0 1.8327 0.0 0.0 1.8327 0.0 0.0 0.0 0.0 0.0 1.8327 
 
101000
0.0 1.8356435643564357 0.0 0.0 1.8356435643564357 0.0 0.0 1.8356435643564357 0.0 0.0 1.8356435643564357 0.0 0.0 1.8356435643564357 0.0 0.0 0.0 1.8356435643564357 0.0 0.0 0.0 1.8356435643564357 0.0 1.8356435643564357 0.0 0.0 1.8356435643564357 0.0 0.0 1.8356435643564357 0.0 1.8356435643564357 0.0 0.0 1.8356435643564357 0.0 0.0 0.0 0.0 0.0 1.8356435643564357 
 
102000
0.0 1.8355882352941177 0.0 0.0 1.8355882352941177 0.0 0.0 1.8355882352941177 0.0 0.0 1.8355882352941177 0.0 0.0 1.8355882352941177 0.0 0.0 0.0 1.8355882352941177 0.0 0.0 0.0 1.8355882352941177 0.0 1.8355882352941177 0.0 0.0 1.8355882352941177 0.0 0.0 1.8355882352941177 0.0 1.8355882352941177 0.0 0.0 1.8355882352941177 0.0 0.0 0.0 0.0 0.0 1.8355882352941177 
 
103000
0.0 1.8355339805825244 0.0 0.0 1.8355339805825244 0.0 0.0 1.8355339805825244 0.0 0.0 1.8355339805825244 0.0 0.0 1.8355339805825244 0.0 0.0 0.0 1.8355339805825244 0.0 0.0 0.0 1.8355339805825244 0.0 1.8355339805825244 0.0 0.0 1.8355339805825244 0.0 0.0 1.8355339805825244 0.0 1.8355339805825244 0.0 0.0 1.8355339805825244 0.0 0.0 0.0 0.0 0.0 1.8355339805825244 
 
104000
0.0 1.8375 0.0 0.0 1.8375 0.0 0.0 1.8375 0.0 0.0 1.8375 0.0 0.0 1.8375 0.0 0.0 0.0 1.8375 0.0 0.0 0.0 1.8375 0.0 1.8375 0.0 0.0 1.8375 0.0 0.0 1.8375 0.0 1.8375 0.0 0.0 1.8375 0.0 0.0 0.0 0.0 0.0 1.8375 
 
105000
0.0 1.838857142857143 0.0 0.0 1.838857142857143 0.0 0.0 1.838857142857143 0.0 0.0 1.838857142857143 0.0 0.0 1.838857142857143 0.0 0.0 0.0 1.838857142857143 0.0 0.0 0.0 1.838857142857143 0.0 1.838857142857143 0.0 0.0 1.838857142857143 0.0 0.0 1.838857142857143 0.0 1.838857142857143 0.0 0.0 1.838857142857143 0.0 0.0 0.0 0.0 0.0 1.838857142857143 
 
106000
0.0 1.836509433962264 0.0 0.0 1.836509433962264 0.0 0.0 1.836509433962264 0.0 0.0 1.836509433962264 0.0 0.0 1.836509433962264 0.0 0.0 0.0 1.836509433962264 0.0 0.0 0.0 1.836509433962264 0.0 1.836509433962264 0.0 0.0 1.836509433962264 0.0 0.0 1.836509433962264 0.0 1.836509433962264 0.0 0.0 1.836509433962264 0.0 0.0 0.0 0.0 0.0 1.836509433962264 
 
107000
0.0 1.8358878504672898 0.0 0.0 1.8358878504672898 0.0 0.0 1.8358878504672898 0.0 0.0 1.8358878504672898 0.0 0.0 1.8358878504672898 0.0 0.0 0.0 1.8358878504672898 0.0 0.0 0.0 1.8358878504672898 0.0 1.8358878504672898 0.0 0.0 1.8358878504672898 0.0 0.0 1.8358878504672898 0.0 1.8358878504672898 0.0 0.0 1.8358878504672898 0.0 0.0 0.0 0.0 0.0 1.8358878504672898 
 
108000
0.0 1.8358333333333334 0.0 0.0 1.8358333333333334 0.0 0.0 1.8358333333333334 0.0 0.0 1.8358333333333334 0.0 0.0 1.8358333333333334 0.0 0.0 0.0 1.8358333333333334 0.0 0.0 0.0 1.8358333333333334 0.0 1.8358333333333334 0.0 0.0 1.8358333333333334 0.0 0.0 1.8358333333333334 0.0 1.8358333333333334 0.0 0.0 1.8358333333333334 0.0 0.0 0.0 0.0 0.0 1.8358333333333334 
 
109000
0.0 1.8355045871559632 0.0 0.0 1.8355045871559632 0.0 0.0 1.8355045871559632 0.0 0.0 1.8355045871559632 0.0 0.0 1.8355045871559632 0.0 0.0 0.0 1.8355045871559632 0.0 0.0 0.0 1.8355045871559632 0.0 1.8355045871559632 0.0 0.0 1.8355045871559632 0.0 0.0 1.8355045871559632 0.0 1.8355045871559632 0.0 0.0 1.8355045871559632 0.0 0.0 0.0 0.0 0.0 1.8355045871559632 
 
110000
0.0 1.8332727272727272 0.0 0.0 1.8332727272727272 0.0 0.0 1.8332727272727272 0.0 0.0 1.8332727272727272 0.0 0.0 1.8332727272727272 0.0 0.0 0.0 1.8332727272727272 0.0 0.0 0.0 1.8332727272727272 0.0 1.8332727272727272 0.0 0.0 1.8332727272727272 0.0 0.0 1.8332727272727272 0.0 1.8332727272727272 0.0 0.0 1.8332727272727272 0.0 0.0 0.0 0.0 0.0 1.8332727272727272 
 
111000
0.0 1.8356756756756756 0.0 0.0 1.8356756756756756 0.0 0.0 1.8356756756756756 0.0 0.0 1.8356756756756756 0.0 0.0 1.8356756756756756 0.0 0.0 0.0 1.8356756756756756 0.0 0.0 0.0 1.8356756756756756 0.0 1.8356756756756756 0.0 0.0 1.8356756756756756 0.0 0.0 1.8356756756756756 0.0 1.8356756756756756 0.0 0.0 1.8356756756756756 0.0 0.0 0.0 0.0 0.0 1.8356756756756756 
 
112000
0.0 1.8361607142857144 0.0 0.0 1.8361607142857144 0.0 0.0 1.8361607142857144 0.0 0.0 1.8361607142857144 0.0 0.0 1.8361607142857144 0.0 0.0 0.0 1.8361607142857144 0.0 0.0 0.0 1.8361607142857144 0.0 1.8361607142857144 0.0 0.0 1.8361607142857144 0.0 0.0 1.8361607142857144 0.0 1.8361607142857144 0.0 0.0 1.8361607142857144 0.0 0.0 0.0 0.0 0.0 1.8361607142857144 
 
113000
0.0 1.8331858407079646 0.0 0.0 1.8331858407079646 0.0 0.0 1.8331858407079646 0.0 0.0 1.8331858407079646 0.0 0.0 1.8331858407079646 0.0 0.0 0.0 1.8331858407079646 0.0 0.0 0.0 1.8331858407079646 0.0 1.8331858407079646 0.0 0.0 1.8331858407079646 0.0 0.0 1.8331858407079646 0.0 1.8331858407079646 0.0 0.0 1.8331858407079646 0.0 0.0 0.0 0.0 0.0 1.8331858407079646 
 
114000
0.0 1.8363157894736841 0.0 0.0 1.8363157894736841 0.0 0.0 1.8363157894736841 0.0 0.0 1.8363157894736841 0.0 0.0 1.8363157894736841 0.0 0.0 0.0 1.8363157894736841 0.0 0.0 0.0 1.8363157894736841 0.0 1.8363157894736841 0.0 0.0 1.8363157894736841 0.0 0.0 1.8363157894736841 0.0 1.8363157894736841 0.0 0.0 1.8363157894736841 0.0 0.0 0.0 0.0 0.0 1.8363157894736841 
 
115000
0.0 1.840695652173913 0.0 0.0 1.840695652173913 0.0 0.0 1.840695652173913 0.0 0.0 1.840695652173913 0.0 0.0 1.840695652173913 0.0 0.0 0.0 1.840695652173913 0.0 0.0 0.0 1.840695652173913 0.0 1.840695652173913 0.0 0.0 1.840695652173913 0.0 0.0 1.840695652173913 0.0 1.840695652173913 0.0 0.0 1.840695652173913 0.0 0.0 0.0 0.0 0.0 1.840695652173913 
 
116000
0.0 1.8369827586206897 0.0 0.0 1.8369827586206897 0.0 0.0 1.8369827586206897 0.0 0.0 1.8369827586206897 0.0 0.0 1.8369827586206897 0.0 0.0 0.0 1.8369827586206897 0.0 0.0 0.0 1.8369827586206897 0.0 1.8369827586206897 0.0 0.0 1.8369827586206897 0.0 0.0 1.8369827586206897 0.0 1.8369827586206897 0.0 0.0 1.8369827586206897 0.0 0.0 0.0 0.0 0.0 1.8369827586206897 
 
117000
0.0 1.8346153846153845 0.0 0.0 1.8346153846153845 0.0 0.0 1.8346153846153845 0.0 0.0 1.8346153846153845 0.0 0.0 1.8346153846153845 0.0 0.0 0.0 1.8346153846153845 0.0 0.0 0.0 1.8346153846153845 0.0 1.8346153846153845 0.0 0.0 1.8346153846153845 0.0 0.0 1.8346153846153845 0.0 1.8346153846153845 0.0 0.0 1.8346153846153845 0.0 0.0 0.0 0.0 0.0 1.8346153846153845 
 
118000
0.0 1.835084745762712 0.0 0.0 1.835084745762712 0.0 0.0 1.835084745762712 0.0 0.0 1.835084745762712 0.0 0.0 1.835084745762712 0.0 0.0 0.0 1.835084745762712 0.0 0.0 0.0 1.835084745762712 0.0 1.835084745762712 0.0 0.0 1.835084745762712 0.0 0.0 1.835084745762712 0.0 1.835084745762712 0.0 0.0 1.835084745762712 0.0 0.0 0.0 0.0 0.0 1.835084745762712 
 
119000
0.0 1.8335294117647059 0.0 0.0 1.8335294117647059 0.0 0.0 1.8335294117647059 0.0 0.0 1.8335294117647059 0.0 0.0 1.8335294117647059 0.0 0.0 0.0 1.8335294117647059 0.0 0.0 0.0 1.8335294117647059 0.0 1.8335294117647059 0.0 0.0 1.8335294117647059 0.0 0.0 1.8335294117647059 0.0 1.8335294117647059 0.0 0.0 1.8335294117647059 0.0 0.0 0.0 0.0 0.0 1.8335294117647059 
 
120000
0.0 1.83425 0.0 0.0 1.83425 0.0 0.0 1.83425 0.0 0.0 1.83425 0.0 0.0 1.83425 0.0 0.0 0.0 1.83425 0.0 0.0 0.0 1.83425 0.0 1.83425 0.0 0.0 1.83425 0.0 0.0 1.83425 0.0 1.83425 0.0 0.0 1.83425 0.0 0.0 0.0 0.0 0.0 1.83425 
 
121000
0.0 1.8374380165289257 0.0 0.0 1.8374380165289257 0.0 0.0 1.8374380165289257 0.0 0.0 1.8374380165289257 0.0 0.0 1.8374380165289257 0.0 0.0 0.0 1.8374380165289257 0.0 0.0 0.0 1.8374380165289257 0.0 1.8374380165289257 0.0 0.0 1.8374380165289257 0.0 0.0 1.8374380165289257 0.0 1.8374380165289257 0.0 0.0 1.8374380165289257 0.0 0.0 0.0 0.0 0.0 1.8374380165289257 
 
122000
0.0 1.8400819672131148 0.0 0.0 1.8400819672131148 0.0 0.0 1.8400819672131148 0.0 0.0 1.8400819672131148 0.0 0.0 1.8400819672131148 0.0 0.0 0.0 1.8400819672131148 0.0 0.0 0.0 1.8400819672131148 0.0 1.8400819672131148 0.0 0.0 1.8400819672131148 0.0 0.0 1.8400819672131148 0.0 1.8400819672131148 0.0 0.0 1.8400819672131148 0.0 0.0 0.0 0.0 0.0 1.8400819672131148 
 
123000
0.0 1.839268292682927 0.0 0.0 1.839268292682927 0.0 0.0 1.839268292682927 0.0 0.0 1.839268292682927 0.0 0.0 1.839268292682927 0.0 0.0 0.0 1.839268292682927 0.0 0.0 0.0 1.839268292682927 0.0 1.839268292682927 0.0 0.0 1.839268292682927 0.0 0.0 1.839268292682927 0.0 1.839268292682927 0.0 0.0 1.839268292682927 0.0 0.0 0.0 0.0 0.0 1.839268292682927 
 
124000
0.0 1.8387096774193548 0.0 0.0 1.8387096774193548 0.0 0.0 1.8387096774193548 0.0 0.0 1.8387096774193548 0.0 0.0 1.8387096774193548 0.0 0.0 0.0 1.8387096774193548 0.0 0.0 0.0 1.8387096774193548 0.0 1.8387096774193548 0.0 0.0 1.8387096774193548 0.0 0.0 1.8387096774193548 0.0 1.8387096774193548 0.0 0.0 1.8387096774193548 0.0 0.0 0.0 0.0 0.0 1.8387096774193548 
 
125000
0.0 1.8396 0.0 0.0 1.8396 0.0 0.0 1.8396 0.0 0.0 1.8396 0.0 0.0 1.8396 0.0 0.0 0.0 1.8396 0.0 0.0 0.0 1.8396 0.0 1.8396 0.0 0.0 1.8396 0.0 0.0 1.8396 0.0 1.8396 0.0 0.0 1.8396 0.0 0.0 0.0 0.0 0.0 1.8396 
 
126000
0.0 1.840952380952381 0.0 0.0 1.840952380952381 0.0 0.0 1.840952380952381 0.0 0.0 1.840952380952381 0.0 0.0 1.840952380952381 0.0 0.0 0.0 1.840952380952381 0.0 0.0 0.0 1.840952380952381 0.0 1.840952380952381 0.0 0.0 1.840952380952381 0.0 0.0 1.840952380952381 0.0 1.840952380952381 0.0 0.0 1.840952380952381 0.0 0.0 0.0 0.0 0.0 1.840952380952381 
 
127000
0.0 1.843228346456693 0.0 0.0 1.843228346456693 0.0 0.0 1.843228346456693 0.0 0.0 1.843228346456693 0.0 0.0 1.843228346456693 0.0 0.0 0.0 1.843228346456693 0.0 0.0 0.0 1.843228346456693 0.0 1.843228346456693 0.0 0.0 1.843228346456693 0.0 0.0 1.843228346456693 0.0 1.843228346456693 0.0 0.0 1.843228346456693 0.0 0.0 0.0 0.0 0.0 1.843228346456693 
 
128000
0.0 1.845234375 0.0 0.0 1.845234375 0.0 0.0 1.845234375 0.0 0.0 1.845234375 0.0 0.0 1.845234375 0.0 0.0 0.0 1.845234375 0.0 0.0 0.0 1.845234375 0.0 1.845234375 0.0 0.0 1.845234375 0.0 0.0 1.845234375 0.0 1.845234375 0.0 0.0 1.845234375 0.0 0.0 0.0 0.0 0.0 1.845234375 
 
129000
0.0 1.848372093023256 0.0 0.0 1.848372093023256 0.0 0.0 1.848372093023256 0.0 0.0 1.848372093023256 0.0 0.0 1.848372093023256 0.0 0.0 0.0 1.848372093023256 0.0 0.0 0.0 1.848372093023256 0.0 1.848372093023256 0.0 0.0 1.848372093023256 0.0 0.0 1.848372093023256 0.0 1.848372093023256 0.0 0.0 1.848372093023256 0.0 0.0 0.0 0.0 0.0 1.848372093023256 
 
130000
0.0 1.847076923076923 0.0 0.0 1.847076923076923 0.0 0.0 1.847076923076923 0.0 0.0 1.847076923076923 0.0 0.0 1.847076923076923 0.0 0.0 0.0 1.847076923076923 0.0 0.0 0.0 1.847076923076923 0.0 1.847076923076923 0.0 0.0 1.847076923076923 0.0 0.0 1.847076923076923 0.0 1.847076923076923 0.0 0.0 1.847076923076923 0.0 0.0 0.0 0.0 0.0 1.847076923076923 
 
131000
0.0 1.8485496183206107 0.0 0.0 1.8485496183206107 0.0 0.0 1.8485496183206107 0.0 0.0 1.8485496183206107 0.0 0.0 1.8485496183206107 0.0 0.0 0.0 1.8485496183206107 0.0 0.0 0.0 1.8485496183206107 0.0 1.8485496183206107 0.0 0.0 1.8485496183206107 0.0 0.0 1.8485496183206107 0.0 1.8485496183206107 0.0 0.0 1.8485496183206107 0.0 0.0 0.0 0.0 0.0 1.8485496183206107 
 
132000
0.0 1.8495454545454546 0.0 0.0 1.8495454545454546 0.0 0.0 1.8495454545454546 0.0 0.0 1.8495454545454546 0.0 0.0 1.8495454545454546 0.0 0.0 0.0 1.8495454545454546 0.0 0.0 0.0 1.8495454545454546 0.0 1.8495454545454546 0.0 0.0 1.8495454545454546 0.0 0.0 1.8495454545454546 0.0 1.8495454545454546 0.0 0.0 1.8495454545454546 0.0 0.0 0.0 0.0 0.0 1.8495454545454546 
 
133000
0.0 1.848721804511278 0.0 0.0 1.848721804511278 0.0 0.0 1.848721804511278 0.0 0.0 1.848721804511278 0.0 0.0 1.848721804511278 0.0 0.0 0.0 1.848721804511278 0.0 0.0 0.0 1.848721804511278 0.0 1.848721804511278 0.0 0.0 1.848721804511278 0.0 0.0 1.848721804511278 0.0 1.848721804511278 0.0 0.0 1.848721804511278 0.0 0.0 0.0 0.0 0.0 1.848721804511278 
 
134000
0.0 1.8474626865671642 0.0 0.0 1.8474626865671642 0.0 0.0 1.8474626865671642 0.0 0.0 1.8474626865671642 0.0 0.0 1.8474626865671642 0.0 0.0 0.0 1.8474626865671642 0.0 0.0 0.0 1.8474626865671642 0.0 1.8474626865671642 0.0 0.0 1.8474626865671642 0.0 0.0 1.8474626865671642 0.0 1.8474626865671642 0.0 0.0 1.8474626865671642 0.0 0.0 0.0 0.0 0.0 1.8474626865671642 
 
135000
0.0 1.846 0.0 0.0 1.846 0.0 0.0 1.846 0.0 0.0 1.846 0.0 0.0 1.846 0.0 0.0 0.0 1.846 0.0 0.0 0.0 1.846 0.0 1.846 0.0 0.0 1.846 0.0 0.0 1.846 0.0 1.846 0.0 0.0 1.846 0.0 0.0 0.0 0.0 0.0 1.846 
 
136000
0.0 1.8472058823529411 0.0 0.0 1.8472058823529411 0.0 0.0 1.8472058823529411 0.0 0.0 1.8472058823529411 0.0 0.0 1.8472058823529411 0.0 0.0 0.0 1.8472058823529411 0.0 0.0 0.0 1.8472058823529411 0.0 1.8472058823529411 0.0 0.0 1.8472058823529411 0.0 0.0 1.8472058823529411 0.0 1.8472058823529411 0.0 0.0 1.8472058823529411 0.0 0.0 0.0 0.0 0.0 1.8472058823529411 
 
137000
0.0 1.8457664233576643 0.0 0.0 1.8457664233576643 0.0 0.0 1.8457664233576643 0.0 0.0 1.8457664233576643 0.0 0.0 1.8457664233576643 0.0 0.0 0.0 1.8457664233576643 0.0 0.0 0.0 1.8457664233576643 0.0 1.8457664233576643 0.0 0.0 1.8457664233576643 0.0 0.0 1.8457664233576643 0.0 1.8457664233576643 0.0 0.0 1.8457664233576643 0.0 0.0 0.0 0.0 0.0 1.8457664233576643 
 
138000
0.0 1.846304347826087 0.0 0.0 1.846304347826087 0.0 0.0 1.846304347826087 0.0 0.0 1.846304347826087 0.0 0.0 1.846304347826087 0.0 0.0 0.0 1.846304347826087 0.0 0.0 0.0 1.846304347826087 0.0 1.846304347826087 0.0 0.0 1.846304347826087 0.0 0.0 1.846304347826087 0.0 1.846304347826087 0.0 0.0 1.846304347826087 0.0 0.0 0.0 0.0 0.0 1.846304347826087 
 
139000
0.0 1.8461870503597122 0.0 0.0 1.8461870503597122 0.0 0.0 1.8461870503597122 0.0 0.0 1.8461870503597122 0.0 0.0 1.8461870503597122 0.0 0.0 0.0 1.8461870503597122 0.0 0.0 0.0 1.8461870503597122 0.0 1.8461870503597122 0.0 0.0 1.8461870503597122 0.0 0.0 1.8461870503597122 0.0 1.8461870503597122 0.0 0.0 1.8461870503597122 0.0 0.0 0.0 0.0 0.0 1.8461870503597122 
 
140000
0.0 1.848 0.0 0.0 1.848 0.0 0.0 1.848 0.0 0.0 1.848 0.0 0.0 1.848 0.0 0.0 0.0 1.848 0.0 0.0 0.0 1.848 0.0 1.848 0.0 0.0 1.848 0.0 0.0 1.848 0.0 1.848 0.0 0.0 1.848 0.0 0.0 0.0 0.0 0.0 1.848 
 
141000
0.0 1.847659574468085 0.0 0.0 1.847659574468085 0.0 0.0 1.847659574468085 0.0 0.0 1.847659574468085 0.0 0.0 1.847659574468085 0.0 0.0 0.0 1.847659574468085 0.0 0.0 0.0 1.847659574468085 0.0 1.847659574468085 0.0 0.0 1.847659574468085 0.0 0.0 1.847659574468085 0.0 1.847659574468085 0.0 0.0 1.847659574468085 0.0 0.0 0.0 0.0 0.0 1.847659574468085 
 
142000
0.0 1.8479577464788732 0.0 0.0 1.8479577464788732 0.0 0.0 1.8479577464788732 0.0 0.0 1.8479577464788732 0.0 0.0 1.8479577464788732 0.0 0.0 0.0 1.8479577464788732 0.0 0.0 0.0 1.8479577464788732 0.0 1.8479577464788732 0.0 0.0 1.8479577464788732 0.0 0.0 1.8479577464788732 0.0 1.8479577464788732 0.0 0.0 1.8479577464788732 0.0 0.0 0.0 0.0 0.0 1.8479577464788732 
 
143000
0.0 1.8474125874125875 0.0 0.0 1.8474125874125875 0.0 0.0 1.8474125874125875 0.0 0.0 1.8474125874125875 0.0 0.0 1.8474125874125875 0.0 0.0 0.0 1.8474125874125875 0.0 0.0 0.0 1.8474125874125875 0.0 1.8474125874125875 0.0 0.0 1.8474125874125875 0.0 0.0 1.8474125874125875 0.0 1.8474125874125875 0.0 0.0 1.8474125874125875 0.0 0.0 0.0 0.0 0.0 1.8474125874125875 
 
144000
0.0 1.8477083333333333 0.0 0.0 1.8477083333333333 0.0 0.0 1.8477083333333333 0.0 0.0 1.8477083333333333 0.0 0.0 1.8477083333333333 0.0 0.0 0.0 1.8477083333333333 0.0 0.0 0.0 1.8477083333333333 0.0 1.8477083333333333 0.0 0.0 1.8477083333333333 0.0 0.0 1.8477083333333333 0.0 1.8477083333333333 0.0 0.0 1.8477083333333333 0.0 0.0 0.0 0.0 0.0 1.8477083333333333 
 
145000
0.0 1.844896551724138 0.0 0.0 1.844896551724138 0.0 0.0 1.844896551724138 0.0 0.0 1.844896551724138 0.0 0.0 1.844896551724138 0.0 0.0 0.0 1.844896551724138 0.0 0.0 0.0 1.844896551724138 0.0 1.844896551724138 0.0 0.0 1.844896551724138 0.0 0.0 1.844896551724138 0.0 1.844896551724138 0.0 0.0 1.844896551724138 0.0 0.0 0.0 0.0 0.0 1.844896551724138 
 
146000
0.0 1.8437671232876713 0.0 0.0 1.8437671232876713 0.0 0.0 1.8437671232876713 0.0 0.0 1.8437671232876713 0.0 0.0 1.8437671232876713 0.0 0.0 0.0 1.8437671232876713 0.0 0.0 0.0 1.8437671232876713 0.0 1.8437671232876713 0.0 0.0 1.8437671232876713 0.0 0.0 1.8437671232876713 0.0 1.8437671232876713 0.0 0.0 1.8437671232876713 0.0 0.0 0.0 0.0 0.0 1.8437671232876713 
 
147000
0.0 1.8448979591836734 0.0 0.0 1.8448979591836734 0.0 0.0 1.8448979591836734 0.0 0.0 1.8448979591836734 0.0 0.0 1.8448979591836734 0.0 0.0 0.0 1.8448979591836734 0.0 0.0 0.0 1.8448979591836734 0.0 1.8448979591836734 0.0 0.0 1.8448979591836734 0.0 0.0 1.8448979591836734 0.0 1.8448979591836734 0.0 0.0 1.8448979591836734 0.0 0.0 0.0 0.0 0.0 1.8448979591836734 
 
148000
0.0 1.8445945945945945 0.0 0.0 1.8445945945945945 0.0 0.0 1.8445945945945945 0.0 0.0 1.8445945945945945 0.0 0.0 1.8445945945945945 0.0 0.0 0.0 1.8445945945945945 0.0 0.0 0.0 1.8445945945945945 0.0 1.8445945945945945 0.0 0.0 1.8445945945945945 0.0 0.0 1.8445945945945945 0.0 1.8445945945945945 0.0 0.0 1.8445945945945945 0.0 0.0 0.0 0.0 0.0 1.8445945945945945 
 
149000
0.0 1.8469127516778523 0.0 0.0 1.8469127516778523 0.0 0.0 1.8469127516778523 0.0 0.0 1.8469127516778523 0.0 0.0 1.8469127516778523 0.0 0.0 0.0 1.8469127516778523 0.0 0.0 0.0 1.8469127516778523 0.0 1.8469127516778523 0.0 0.0 1.8469127516778523 0.0 0.0 1.8469127516778523 0.0 1.8469127516778523 0.0 0.0 1.8469127516778523 0.0 0.0 0.0 0.0 0.0 1.8469127516778523 
 
150000
0.0 1.8484 0.0 0.0 1.8484 0.0 0.0 1.8484 0.0 0.0 1.8484 0.0 0.0 1.8484 0.0 0.0 0.0 1.8484 0.0 0.0 0.0 1.8484 0.0 1.8484 0.0 0.0 1.8484 0.0 0.0 1.8484 0.0 1.8484 0.0 0.0 1.8484 0.0 0.0 0.0 0.0 0.0 1.8484 
 
151000
0.0 1.8486754966887418 0.0 0.0 1.8486754966887418 0.0 0.0 1.8486754966887418 0.0 0.0 1.8486754966887418 0.0 0.0 1.8486754966887418 0.0 0.0 0.0 1.8486754966887418 0.0 0.0 0.0 1.8486754966887418 0.0 1.8486754966887418 0.0 0.0 1.8486754966887418 0.0 0.0 1.8486754966887418 0.0 1.8486754966887418 0.0 0.0 1.8486754966887418 0.0 0.0 0.0 0.0 0.0 1.8486754966887418 
 
152000
0.0 1.8489473684210527 0.0 0.0 1.8489473684210527 0.0 0.0 1.8489473684210527 0.0 0.0 1.8489473684210527 0.0 0.0 1.8489473684210527 0.0 0.0 0.0 1.8489473684210527 0.0 0.0 0.0 1.8489473684210527 0.0 1.8489473684210527 0.0 0.0 1.8489473684210527 0.0 0.0 1.8489473684210527 0.0 1.8489473684210527 0.0 0.0 1.8489473684210527 0.0 0.0 0.0 0.0 0.0 1.8489473684210527 
 
153000
0.0 1.849607843137255 0.0 0.0 1.849607843137255 0.0 0.0 1.849607843137255 0.0 0.0 1.849607843137255 0.0 0.0 1.849607843137255 0.0 0.0 0.0 1.849607843137255 0.0 0.0 0.0 1.849607843137255 0.0 1.849607843137255 0.0 0.0 1.849607843137255 0.0 0.0 1.849607843137255 0.0 1.849607843137255 0.0 0.0 1.849607843137255 0.0 0.0 0.0 0.0 0.0 1.849607843137255 
 
154000
0.0 1.8514285714285714 0.0 0.0 1.8514285714285714 0.0 0.0 1.8514285714285714 0.0 0.0 1.8514285714285714 0.0 0.0 1.8514285714285714 0.0 0.0 0.0 1.8514285714285714 0.0 0.0 0.0 1.8514285714285714 0.0 1.8514285714285714 0.0 0.0 1.8514285714285714 0.0 0.0 1.8514285714285714 0.0 1.8514285714285714 0.0 0.0 1.8514285714285714 0.0 0.0 0.0 0.0 0.0 1.8514285714285714 
 
155000
0.0 1.848774193548387 0.0 0.0 1.848774193548387 0.0 0.0 1.848774193548387 0.0 0.0 1.848774193548387 0.0 0.0 1.848774193548387 0.0 0.0 0.0 1.848774193548387 0.0 0.0 0.0 1.848774193548387 0.0 1.848774193548387 0.0 0.0 1.848774193548387 0.0 0.0 1.848774193548387 0.0 1.848774193548387 0.0 0.0 1.848774193548387 0.0 0.0 0.0 0.0 0.0 1.848774193548387 
 
156000
0.0 1.8488461538461538 0.0 0.0 1.8488461538461538 0.0 0.0 1.8488461538461538 0.0 0.0 1.8488461538461538 0.0 0.0 1.8488461538461538 0.0 0.0 0.0 1.8488461538461538 0.0 0.0 0.0 1.8488461538461538 0.0 1.8488461538461538 0.0 0.0 1.8488461538461538 0.0 0.0 1.8488461538461538 0.0 1.8488461538461538 0.0 0.0 1.8488461538461538 0.0 0.0 0.0 0.0 0.0 1.8488461538461538 
 
157000
0.0 1.8485350318471339 0.0 0.0 1.8485350318471339 0.0 0.0 1.8485350318471339 0.0 0.0 1.8485350318471339 0.0 0.0 1.8485350318471339 0.0 0.0 0.0 1.8485350318471339 0.0 0.0 0.0 1.8485350318471339 0.0 1.8485350318471339 0.0 0.0 1.8485350318471339 0.0 0.0 1.8485350318471339 0.0 1.8485350318471339 0.0 0.0 1.8485350318471339 0.0 0.0 0.0 0.0 0.0 1.8485350318471339 
 
158000
0.0 1.8463291139240505 0.0 0.0 1.8463291139240505 0.0 0.0 1.8463291139240505 0.0 0.0 1.8463291139240505 0.0 0.0 1.8463291139240505 0.0 0.0 0.0 1.8463291139240505 0.0 0.0 0.0 1.8463291139240505 0.0 1.8463291139240505 0.0 0.0 1.8463291139240505 0.0 0.0 1.8463291139240505 0.0 1.8463291139240505 0.0 0.0 1.8463291139240505 0.0 0.0 0.0 0.0 0.0 1.8463291139240505 
 
159000
0.0 1.8477358490566038 0.0 0.0 1.8477358490566038 0.0 0.0 1.8477358490566038 0.0 0.0 1.8477358490566038 0.0 0.0 1.8477358490566038 0.0 0.0 0.0 1.8477358490566038 0.0 0.0 0.0 1.8477358490566038 0.0 1.8477358490566038 0.0 0.0 1.8477358490566038 0.0 0.0 1.8477358490566038 0.0 1.8477358490566038 0.0 0.0 1.8477358490566038 0.0 0.0 0.0 0.0 0.0 1.8477358490566038 
 
160000
0.0 1.8466875 0.0 0.0 1.8466875 0.0 0.0 1.8466875 0.0 0.0 1.8466875 0.0 0.0 1.8466875 0.0 0.0 0.0 1.8466875 0.0 0.0 0.0 1.8466875 0.0 1.8466875 0.0 0.0 1.8466875 0.0 0.0 1.8466875 0.0 1.8466875 0.0 0.0 1.8466875 0.0 0.0 0.0 0.0 0.0 1.8466875 
 
161000
0.0 1.8471428571428572 0.0 0.0 1.8471428571428572 0.0 0.0 1.8471428571428572 0.0 0.0 1.8471428571428572 0.0 0.0 1.8471428571428572 0.0 0.0 0.0 1.8471428571428572 0.0 0.0 0.0 1.8471428571428572 0.0 1.8471428571428572 0.0 0.0 1.8471428571428572 0.0 0.0 1.8471428571428572 0.0 1.8471428571428572 0.0 0.0 1.8471428571428572 0.0 0.0 0.0 0.0 0.0 1.8471428571428572 
 
162000
0.0 1.8462962962962963 0.0 0.0 1.8462962962962963 0.0 0.0 1.8462962962962963 0.0 0.0 1.8462962962962963 0.0 0.0 1.8462962962962963 0.0 0.0 0.0 1.8462962962962963 0.0 0.0 0.0 1.8462962962962963 0.0 1.8462962962962963 0.0 0.0 1.8462962962962963 0.0 0.0 1.8462962962962963 0.0 1.8462962962962963 0.0 0.0 1.8462962962962963 0.0 0.0 0.0 0.0 0.0 1.8462962962962963 
 
163000
0.0 1.8456441717791412 0.0 0.0 1.8456441717791412 0.0 0.0 1.8456441717791412 0.0 0.0 1.8456441717791412 0.0 0.0 1.8456441717791412 0.0 0.0 0.0 1.8456441717791412 0.0 0.0 0.0 1.8456441717791412 0.0 1.8456441717791412 0.0 0.0 1.8456441717791412 0.0 0.0 1.8456441717791412 0.0 1.8456441717791412 0.0 0.0 1.8456441717791412 0.0 0.0 0.0 0.0 0.0 1.8456441717791412 
 
164000
0.0 1.8460975609756098 0.0 0.0 1.8460975609756098 0.0 0.0 1.8460975609756098 0.0 0.0 1.8460975609756098 0.0 0.0 1.8460975609756098 0.0 0.0 0.0 1.8460975609756098 0.0 0.0 0.0 1.8460975609756098 0.0 1.8460975609756098 0.0 0.0 1.8460975609756098 0.0 0.0 1.8460975609756098 0.0 1.8460975609756098 0.0 0.0 1.8460975609756098 0.0 0.0 0.0 0.0 0.0 1.8460975609756098 
 
165000
0.0 1.846 0.0 0.0 1.846 0.0 0.0 1.846 0.0 0.0 1.846 0.0 0.0 1.846 0.0 0.0 0.0 1.846 0.0 0.0 0.0 1.846 0.0 1.846 0.0 0.0 1.846 0.0 0.0 1.846 0.0 1.846 0.0 0.0 1.846 0.0 0.0 0.0 0.0 0.0 1.846 
 
166000
0.0 1.8478915662650603 0.0 0.0 1.8478915662650603 0.0 0.0 1.8478915662650603 0.0 0.0 1.8478915662650603 0.0 0.0 1.8478915662650603 0.0 0.0 0.0 1.8478915662650603 0.0 0.0 0.0 1.8478915662650603 0.0 1.8478915662650603 0.0 0.0 1.8478915662650603 0.0 0.0 1.8478915662650603 0.0 1.8478915662650603 0.0 0.0 1.8478915662650603 0.0 0.0 0.0 0.0 0.0 1.8478915662650603 
 
167000
0.0 1.8476047904191617 0.0 0.0 1.8476047904191617 0.0 0.0 1.8476047904191617 0.0 0.0 1.8476047904191617 0.0 0.0 1.8476047904191617 0.0 0.0 0.0 1.8476047904191617 0.0 0.0 0.0 1.8476047904191617 0.0 1.8476047904191617 0.0 0.0 1.8476047904191617 0.0 0.0 1.8476047904191617 0.0 1.8476047904191617 0.0 0.0 1.8476047904191617 0.0 0.0 0.0 0.0 0.0 1.8476047904191617 
 
168000
0.0 1.8494642857142858 0.0 0.0 1.8494642857142858 0.0 0.0 1.8494642857142858 0.0 0.0 1.8494642857142858 0.0 0.0 1.8494642857142858 0.0 0.0 0.0 1.8494642857142858 0.0 0.0 0.0 1.8494642857142858 0.0 1.8494642857142858 0.0 0.0 1.8494642857142858 0.0 0.0 1.8494642857142858 0.0 1.8494642857142858 0.0 0.0 1.8494642857142858 0.0 0.0 0.0 0.0 0.0 1.8494642857142858 
 
169000
0.0 1.849526627218935 0.0 0.0 1.849526627218935 0.0 0.0 1.849526627218935 0.0 0.0 1.849526627218935 0.0 0.0 1.849526627218935 0.0 0.0 0.0 1.849526627218935 0.0 0.0 0.0 1.849526627218935 0.0 1.849526627218935 0.0 0.0 1.849526627218935 0.0 0.0 1.849526627218935 0.0 1.849526627218935 0.0 0.0 1.849526627218935 0.0 0.0 0.0 0.0 0.0 1.849526627218935 
 
170000
0.0 1.8474705882352942 0.0 0.0 1.8474705882352942 0.0 0.0 1.8474705882352942 0.0 0.0 1.8474705882352942 0.0 0.0 1.8474705882352942 0.0 0.0 0.0 1.8474705882352942 0.0 0.0 0.0 1.8474705882352942 0.0 1.8474705882352942 0.0 0.0 1.8474705882352942 0.0 0.0 1.8474705882352942 0.0 1.8474705882352942 0.0 0.0 1.8474705882352942 0.0 0.0 0.0 0.0 0.0 1.8474705882352942 
 
171000
0.0 1.8489473684210527 0.0 0.0 1.8489473684210527 0.0 0.0 1.8489473684210527 0.0 0.0 1.8489473684210527 0.0 0.0 1.8489473684210527 0.0 0.0 0.0 1.8489473684210527 0.0 0.0 0.0 1.8489473684210527 0.0 1.8489473684210527 0.0 0.0 1.8489473684210527 0.0 0.0 1.8489473684210527 0.0 1.8489473684210527 0.0 0.0 1.8489473684210527 0.0 0.0 0.0 0.0 0.0 1.8489473684210527 
 
172000
0.0 1.8498837209302326 0.0 0.0 1.8498837209302326 0.0 0.0 1.8498837209302326 0.0 0.0 1.8498837209302326 0.0 0.0 1.8498837209302326 0.0 0.0 0.0 1.8498837209302326 0.0 0.0 0.0 1.8498837209302326 0.0 1.8498837209302326 0.0 0.0 1.8498837209302326 0.0 0.0 1.8498837209302326 0.0 1.8498837209302326 0.0 0.0 1.8498837209302326 0.0 0.0 0.0 0.0 0.0 1.8498837209302326 
 
173000
0.0 1.8490751445086706 0.0 0.0 1.8490751445086706 0.0 0.0 1.8490751445086706 0.0 0.0 1.8490751445086706 0.0 0.0 1.8490751445086706 0.0 0.0 0.0 1.8490751445086706 0.0 0.0 0.0 1.8490751445086706 0.0 1.8490751445086706 0.0 0.0 1.8490751445086706 0.0 0.0 1.8490751445086706 0.0 1.8490751445086706 0.0 0.0 1.8490751445086706 0.0 0.0 0.0 0.0 0.0 1.8490751445086706 
 
174000
0.0 1.848103448275862 0.0 0.0 1.848103448275862 0.0 0.0 1.848103448275862 0.0 0.0 1.848103448275862 0.0 0.0 1.848103448275862 0.0 0.0 0.0 1.848103448275862 0.0 0.0 0.0 1.848103448275862 0.0 1.848103448275862 0.0 0.0 1.848103448275862 0.0 0.0 1.848103448275862 0.0 1.848103448275862 0.0 0.0 1.848103448275862 0.0 0.0 0.0 0.0 0.0 1.848103448275862 
 
175000
0.0 1.8478285714285714 0.0 0.0 1.8478285714285714 0.0 0.0 1.8478285714285714 0.0 0.0 1.8478285714285714 0.0 0.0 1.8478285714285714 0.0 0.0 0.0 1.8478285714285714 0.0 0.0 0.0 1.8478285714285714 0.0 1.8478285714285714 0.0 0.0 1.8478285714285714 0.0 0.0 1.8478285714285714 0.0 1.8478285714285714 0.0 0.0 1.8478285714285714 0.0 0.0 0.0 0.0 0.0 1.8478285714285714 
 
176000
0.0 1.8470454545454544 0.0 0.0 1.8470454545454544 0.0 0.0 1.8470454545454544 0.0 0.0 1.8470454545454544 0.0 0.0 1.8470454545454544 0.0 0.0 0.0 1.8470454545454544 0.0 0.0 0.0 1.8470454545454544 0.0 1.8470454545454544 0.0 0.0 1.8470454545454544 0.0 0.0 1.8470454545454544 0.0 1.8470454545454544 0.0 0.0 1.8470454545454544 0.0 0.0 0.0 0.0 0.0 1.8470454545454544 
 
177000
0.0 1.846271186440678 0.0 0.0 1.846271186440678 0.0 0.0 1.846271186440678 0.0 0.0 1.846271186440678 0.0 0.0 1.846271186440678 0.0 0.0 0.0 1.846271186440678 0.0 0.0 0.0 1.846271186440678 0.0 1.846271186440678 0.0 0.0 1.846271186440678 0.0 0.0 1.846271186440678 0.0 1.846271186440678 0.0 0.0 1.846271186440678 0.0 0.0 0.0 0.0 0.0 1.846271186440678 
 
178000
0.0 1.8465168539325842 0.0 0.0 1.8465168539325842 0.0 0.0 1.8465168539325842 0.0 0.0 1.8465168539325842 0.0 0.0 1.8465168539325842 0.0 0.0 0.0 1.8465168539325842 0.0 0.0 0.0 1.8465168539325842 0.0 1.8465168539325842 0.0 0.0 1.8465168539325842 0.0 0.0 1.8465168539325842 0.0 1.8465168539325842 0.0 0.0 1.8465168539325842 0.0 0.0 0.0 0.0 0.0 1.8465168539325842 
 
179000
0.0 1.8479329608938548 0.0 0.0 1.8479329608938548 0.0 0.0 1.8479329608938548 0.0 0.0 1.8479329608938548 0.0 0.0 1.8479329608938548 0.0 0.0 0.0 1.8479329608938548 0.0 0.0 0.0 1.8479329608938548 0.0 1.8479329608938548 0.0 0.0 1.8479329608938548 0.0 0.0 1.8479329608938548 0.0 1.8479329608938548 0.0 0.0 1.8479329608938548 0.0 0.0 0.0 0.0 0.0 1.8479329608938548 
 
180000
0.0 1.8483333333333334 0.0 0.0 1.8483333333333334 0.0 0.0 1.8483333333333334 0.0 0.0 1.8483333333333334 0.0 0.0 1.8483333333333334 0.0 0.0 0.0 1.8483333333333334 0.0 0.0 0.0 1.8483333333333334 0.0 1.8483333333333334 0.0 0.0 1.8483333333333334 0.0 0.0 1.8483333333333334 0.0 1.8483333333333334 0.0 0.0 1.8483333333333334 0.0 0.0 0.0 0.0 0.0 1.8483333333333334 
 
181000
0.0 1.8470718232044199 0.0 0.0 1.8470718232044199 0.0 0.0 1.8470718232044199 0.0 0.0 1.8470718232044199 0.0 0.0 1.8470718232044199 0.0 0.0 0.0 1.8470718232044199 0.0 0.0 0.0 1.8470718232044199 0.0 1.8470718232044199 0.0 0.0 1.8470718232044199 0.0 0.0 1.8470718232044199 0.0 1.8470718232044199 0.0 0.0 1.8470718232044199 0.0 0.0 0.0 0.0 0.0 1.8470718232044199 
 
182000
0.0 1.846978021978022 0.0 0.0 1.846978021978022 0.0 0.0 1.846978021978022 0.0 0.0 1.846978021978022 0.0 0.0 1.846978021978022 0.0 0.0 0.0 1.846978021978022 0.0 0.0 0.0 1.846978021978022 0.0 1.846978021978022 0.0 0.0 1.846978021978022 0.0 0.0 1.846978021978022 0.0 1.846978021978022 0.0 0.0 1.846978021978022 0.0 0.0 0.0 0.0 0.0 1.846978021978022 
 
183000
0.0 1.8475409836065573 0.0 0.0 1.8475409836065573 0.0 0.0 1.8475409836065573 0.0 0.0 1.8475409836065573 0.0 0.0 1.8475409836065573 0.0 0.0 0.0 1.8475409836065573 0.0 0.0 0.0 1.8475409836065573 0.0 1.8475409836065573 0.0 0.0 1.8475409836065573 0.0 0.0 1.8475409836065573 0.0 1.8475409836065573 0.0 0.0 1.8475409836065573 0.0 0.0 0.0 0.0 0.0 1.8475409836065573 
 
184000
0.0 1.8489130434782608 0.0 0.0 1.8489130434782608 0.0 0.0 1.8489130434782608 0.0 0.0 1.8489130434782608 0.0 0.0 1.8489130434782608 0.0 0.0 0.0 1.8489130434782608 0.0 0.0 0.0 1.8489130434782608 0.0 1.8489130434782608 0.0 0.0 1.8489130434782608 0.0 0.0 1.8489130434782608 0.0 1.8489130434782608 0.0 0.0 1.8489130434782608 0.0 0.0 0.0 0.0 0.0 1.8489130434782608 
 
185000
0.0 1.8488108108108108 0.0 0.0 1.8488108108108108 0.0 0.0 1.8488108108108108 0.0 0.0 1.8488108108108108 0.0 0.0 1.8488108108108108 0.0 0.0 0.0 1.8488108108108108 0.0 0.0 0.0 1.8488108108108108 0.0 1.8488108108108108 0.0 0.0 1.8488108108108108 0.0 0.0 1.8488108108108108 0.0 1.8488108108108108 0.0 0.0 1.8488108108108108 0.0 0.0 0.0 0.0 0.0 1.8488108108108108 
 
186000
0.0 1.8491935483870967 0.0 0.0 1.8491935483870967 0.0 0.0 1.8491935483870967 0.0 0.0 1.8491935483870967 0.0 0.0 1.8491935483870967 0.0 0.0 0.0 1.8491935483870967 0.0 0.0 0.0 1.8491935483870967 0.0 1.8491935483870967 0.0 0.0 1.8491935483870967 0.0 0.0 1.8491935483870967 0.0 1.8491935483870967 0.0 0.0 1.8491935483870967 0.0 0.0 0.0 0.0 0.0 1.8491935483870967 
 
187000
0.0 1.8479679144385026 0.0 0.0 1.8479679144385026 0.0 0.0 1.8479679144385026 0.0 0.0 1.8479679144385026 0.0 0.0 1.8479679144385026 0.0 0.0 0.0 1.8479679144385026 0.0 0.0 0.0 1.8479679144385026 0.0 1.8479679144385026 0.0 0.0 1.8479679144385026 0.0 0.0 1.8479679144385026 0.0 1.8479679144385026 0.0 0.0 1.8479679144385026 0.0 0.0 0.0 0.0 0.0 1.8479679144385026 
 
188000
0.0 1.8472340425531915 0.0 0.0 1.8472340425531915 0.0 0.0 1.8472340425531915 0.0 0.0 1.8472340425531915 0.0 0.0 1.8472340425531915 0.0 0.0 0.0 1.8472340425531915 0.0 0.0 0.0 1.8472340425531915 0.0 1.8472340425531915 0.0 0.0 1.8472340425531915 0.0 0.0 1.8472340425531915 0.0 1.8472340425531915 0.0 0.0 1.8472340425531915 0.0 0.0 0.0 0.0 0.0 1.8472340425531915 
 
189000
0.0 1.8484126984126985 0.0 0.0 1.8484126984126985 0.0 0.0 1.8484126984126985 0.0 0.0 1.8484126984126985 0.0 0.0 1.8484126984126985 0.0 0.0 0.0 1.8484126984126985 0.0 0.0 0.0 1.8484126984126985 0.0 1.8484126984126985 0.0 0.0 1.8484126984126985 0.0 0.0 1.8484126984126985 0.0 1.8484126984126985 0.0 0.0 1.8484126984126985 0.0 0.0 0.0 0.0 0.0 1.8484126984126985 
 
190000
0.0 1.8487894736842105 0.0 0.0 1.8487894736842105 0.0 0.0 1.8487894736842105 0.0 0.0 1.8487894736842105 0.0 0.0 1.8487894736842105 0.0 0.0 0.0 1.8487894736842105 0.0 0.0 0.0 1.8487894736842105 0.0 1.8487894736842105 0.0 0.0 1.8487894736842105 0.0 0.0 1.8487894736842105 0.0 1.8487894736842105 0.0 0.0 1.8487894736842105 0.0 0.0 0.0 0.0 0.0 1.8487894736842105 
 
191000
0.0 1.8485340314136125 0.0 0.0 1.8485340314136125 0.0 0.0 1.8485340314136125 0.0 0.0 1.8485340314136125 0.0 0.0 1.8485340314136125 0.0 0.0 0.0 1.8485340314136125 0.0 0.0 0.0 1.8485340314136125 0.0 1.8485340314136125 0.0 0.0 1.8485340314136125 0.0 0.0 1.8485340314136125 0.0 1.8485340314136125 0.0 0.0 1.8485340314136125 0.0 0.0 0.0 0.0 0.0 1.8485340314136125 
 
192000
0.0 1.84890625 0.0 0.0 1.84890625 0.0 0.0 1.84890625 0.0 0.0 1.84890625 0.0 0.0 1.84890625 0.0 0.0 0.0 1.84890625 0.0 0.0 0.0 1.84890625 0.0 1.84890625 0.0 0.0 1.84890625 0.0 0.0 1.84890625 0.0 1.84890625 0.0 0.0 1.84890625 0.0 0.0 0.0 0.0 0.0 1.84890625 
 
193000
0.0 1.8484974093264248 0.0 0.0 1.8484974093264248 0.0 0.0 1.8484974093264248 0.0 0.0 1.8484974093264248 0.0 0.0 1.8484974093264248 0.0 0.0 0.0 1.8484974093264248 0.0 0.0 0.0 1.8484974093264248 0.0 1.8484974093264248 0.0 0.0 1.8484974093264248 0.0 0.0 1.8484974093264248 0.0 1.8484974093264248 0.0 0.0 1.8484974093264248 0.0 0.0 0.0 0.0 0.0 1.8484974093264248 
 
194000
0.0 1.8482474226804124 0.0 0.0 1.8482474226804124 0.0 0.0 1.8482474226804124 0.0 0.0 1.8482474226804124 0.0 0.0 1.8482474226804124 0.0 0.0 0.0 1.8482474226804124 0.0 0.0 0.0 1.8482474226804124 0.0 1.8482474226804124 0.0 0.0 1.8482474226804124 0.0 0.0 1.8482474226804124 0.0 1.8482474226804124 0.0 0.0 1.8482474226804124 0.0 0.0 0.0 0.0 0.0 1.8482474226804124 
 
195000
0.0 1.8473846153846154 0.0 0.0 1.8473846153846154 0.0 0.0 1.8473846153846154 0.0 0.0 1.8473846153846154 0.0 0.0 1.8473846153846154 0.0 0.0 0.0 1.8473846153846154 0.0 0.0 0.0 1.8473846153846154 0.0 1.8473846153846154 0.0 0.0 1.8473846153846154 0.0 0.0 1.8473846153846154 0.0 1.8473846153846154 0.0 0.0 1.8473846153846154 0.0 0.0 0.0 0.0 0.0 1.8473846153846154 
 
196000
0.0 1.8468367346938777 0.0 0.0 1.8468367346938777 0.0 0.0 1.8468367346938777 0.0 0.0 1.8468367346938777 0.0 0.0 1.8468367346938777 0.0 0.0 0.0 1.8468367346938777 0.0 0.0 0.0 1.8468367346938777 0.0 1.8468367346938777 0.0 0.0 1.8468367346938777 0.0 0.0 1.8468367346938777 0.0 1.8468367346938777 0.0 0.0 1.8468367346938777 0.0 0.0 0.0 0.0 0.0 1.8468367346938777 
 
197000
0.0 1.845532994923858 0.0 0.0 1.845532994923858 0.0 0.0 1.845532994923858 0.0 0.0 1.845532994923858 0.0 0.0 1.845532994923858 0.0 0.0 0.0 1.845532994923858 0.0 0.0 0.0 1.845532994923858 0.0 1.845532994923858 0.0 0.0 1.845532994923858 0.0 0.0 1.845532994923858 0.0 1.845532994923858 0.0 0.0 1.845532994923858 0.0 0.0 0.0 0.0 0.0 1.845532994923858 
 
198000
0.0 1.8465151515151514 0.0 0.0 1.8465151515151514 0.0 0.0 1.8465151515151514 0.0 0.0 1.8465151515151514 0.0 0.0 1.8465151515151514 0.0 0.0 0.0 1.8465151515151514 0.0 0.0 0.0 1.8465151515151514 0.0 1.8465151515151514 0.0 0.0 1.8465151515151514 0.0 0.0 1.8465151515151514 0.0 1.8465151515151514 0.0 0.0 1.8465151515151514 0.0 0.0 0.0 0.0 0.0 1.8465151515151514 
 
199000
0.0 1.8479396984924623 0.0 0.0 1.8479396984924623 0.0 0.0 1.8479396984924623 0.0 0.0 1.8479396984924623 0.0 0.0 1.8479396984924623 0.0 0.0 0.0 1.8479396984924623 0.0 0.0 0.0 1.8479396984924623 0.0 1.8479396984924623 0.0 0.0 1.8479396984924623 0.0 0.0 1.8479396984924623 0.0 1.8479396984924623 0.0 0.0 1.8479396984924623 0.0 0.0 0.0 0.0 0.0 1.8479396984924623 
 
200000
0.0 1.84755 0.0 0.0 1.84755 0.0 0.0 1.84755 0.0 0.0 1.84755 0.0 0.0 1.84755 0.0 0.0 0.0 1.84755 0.0 0.0 0.0 1.84755 0.0 1.84755 0.0 0.0 1.84755 0.0 0.0 1.84755 0.0 1.84755 0.0 0.0 1.84755 0.0 0.0 0.0 0.0 0.0 1.84755 
 
201000
0.0 1.8456716417910448 0.0 0.0 1.8456716417910448 0.0 0.0 1.8456716417910448 0.0 0.0 1.8456716417910448 0.0 0.0 1.8456716417910448 0.0 0.0 0.0 1.8456716417910448 0.0 0.0 0.0 1.8456716417910448 0.0 1.8456716417910448 0.0 0.0 1.8456716417910448 0.0 0.0 1.8456716417910448 0.0 1.8456716417910448 0.0 0.0 1.8456716417910448 0.0 0.0 0.0 0.0 0.0 1.8456716417910448 
 
202000
0.0 1.844851485148515 0.0 0.0 1.844851485148515 0.0 0.0 1.844851485148515 0.0 0.0 1.844851485148515 0.0 0.0 1.844851485148515 0.0 0.0 0.0 1.844851485148515 0.0 0.0 0.0 1.844851485148515 0.0 1.844851485148515 0.0 0.0 1.844851485148515 0.0 0.0 1.844851485148515 0.0 1.844851485148515 0.0 0.0 1.844851485148515 0.0 0.0 0.0 0.0 0.0 1.844851485148515 
 
203000
0.0 1.8447783251231527 0.0 0.0 1.8447783251231527 0.0 0.0 1.8447783251231527 0.0 0.0 1.8447783251231527 0.0 0.0 1.8447783251231527 0.0 0.0 0.0 1.8447783251231527 0.0 0.0 0.0 1.8447783251231527 0.0 1.8447783251231527 0.0 0.0 1.8447783251231527 0.0 0.0 1.8447783251231527 0.0 1.8447783251231527 0.0 0.0 1.8447783251231527 0.0 0.0 0.0 0.0 0.0 1.8447783251231527 
 
204000
0.0 1.8435294117647059 0.0 0.0 1.8435294117647059 0.0 0.0 1.8435294117647059 0.0 0.0 1.8435294117647059 0.0 0.0 1.8435294117647059 0.0 0.0 0.0 1.8435294117647059 0.0 0.0 0.0 1.8435294117647059 0.0 1.8435294117647059 0.0 0.0 1.8435294117647059 0.0 0.0 1.8435294117647059 0.0 1.8435294117647059 0.0 0.0 1.8435294117647059 0.0 0.0 0.0 0.0 0.0 1.8435294117647059 
 
205000
0.0 1.8430243902439025 0.0 0.0 1.8430243902439025 0.0 0.0 1.8430243902439025 0.0 0.0 1.8430243902439025 0.0 0.0 1.8430243902439025 0.0 0.0 0.0 1.8430243902439025 0.0 0.0 0.0 1.8430243902439025 0.0 1.8430243902439025 0.0 0.0 1.8430243902439025 0.0 0.0 1.8430243902439025 0.0 1.8430243902439025 0.0 0.0 1.8430243902439025 0.0 0.0 0.0 0.0 0.0 1.8430243902439025 
 
206000
0.0 1.8429611650485438 0.0 0.0 1.8429611650485438 0.0 0.0 1.8429611650485438 0.0 0.0 1.8429611650485438 0.0 0.0 1.8429611650485438 0.0 0.0 0.0 1.8429611650485438 0.0 0.0 0.0 1.8429611650485438 0.0 1.8429611650485438 0.0 0.0 1.8429611650485438 0.0 0.0 1.8429611650485438 0.0 1.8429611650485438 0.0 0.0 1.8429611650485438 0.0 0.0 0.0 0.0 0.0 1.8429611650485438 
 
207000
0.0 1.8433333333333333 0.0 0.0 1.8433333333333333 0.0 0.0 1.8433333333333333 0.0 0.0 1.8433333333333333 0.0 0.0 1.8433333333333333 0.0 0.0 0.0 1.8433333333333333 0.0 0.0 0.0 1.8433333333333333 0.0 1.8433333333333333 0.0 0.0 1.8433333333333333 0.0 0.0 1.8433333333333333 0.0 1.8433333333333333 0.0 0.0 1.8433333333333333 0.0 0.0 0.0 0.0 0.0 1.8433333333333333 
 
208000
0.0 1.8422596153846154 0.0 0.0 1.8422596153846154 0.0 0.0 1.8422596153846154 0.0 0.0 1.8422596153846154 0.0 0.0 1.8422596153846154 0.0 0.0 0.0 1.8422596153846154 0.0 0.0 0.0 1.8422596153846154 0.0 1.8422596153846154 0.0 0.0 1.8422596153846154 0.0 0.0 1.8422596153846154 0.0 1.8422596153846154 0.0 0.0 1.8422596153846154 0.0 0.0 0.0 0.0 0.0 1.8422596153846154 
 
209000
0.0 1.8419138755980862 0.0 0.0 1.8419138755980862 0.0 0.0 1.8419138755980862 0.0 0.0 1.8419138755980862 0.0 0.0 1.8419138755980862 0.0 0.0 0.0 1.8419138755980862 0.0 0.0 0.0 1.8419138755980862 0.0 1.8419138755980862 0.0 0.0 1.8419138755980862 0.0 0.0 1.8419138755980862 0.0 1.8419138755980862 0.0 0.0 1.8419138755980862 0.0 0.0 0.0 0.0 0.0 1.8419138755980862 
 
210000
0.0 1.8424285714285715 0.0 0.0 1.8424285714285715 0.0 0.0 1.8424285714285715 0.0 0.0 1.8424285714285715 0.0 0.0 1.8424285714285715 0.0 0.0 0.0 1.8424285714285715 0.0 0.0 0.0 1.8424285714285715 0.0 1.8424285714285715 0.0 0.0 1.8424285714285715 0.0 0.0 1.8424285714285715 0.0 1.8424285714285715 0.0 0.0 1.8424285714285715 0.0 0.0 0.0 0.0 0.0 1.8424285714285715 
 
211000
0.0 1.8427962085308056 0.0 0.0 1.8427962085308056 0.0 0.0 1.8427962085308056 0.0 0.0 1.8427962085308056 0.0 0.0 1.8427962085308056 0.0 0.0 0.0 1.8427962085308056 0.0 0.0 0.0 1.8427962085308056 0.0 1.8427962085308056 0.0 0.0 1.8427962085308056 0.0 0.0 1.8427962085308056 0.0 1.8427962085308056 0.0 0.0 1.8427962085308056 0.0 0.0 0.0 0.0 0.0 1.8427962085308056 
 
212000
0.0 1.8421698113207547 0.0 0.0 1.8421698113207547 0.0 0.0 1.8421698113207547 0.0 0.0 1.8421698113207547 0.0 0.0 1.8421698113207547 0.0 0.0 0.0 1.8421698113207547 0.0 0.0 0.0 1.8421698113207547 0.0 1.8421698113207547 0.0 0.0 1.8421698113207547 0.0 0.0 1.8421698113207547 0.0 1.8421698113207547 0.0 0.0 1.8421698113207547 0.0 0.0 0.0 0.0 0.0 1.8421698113207547 
 
213000
0.0 1.842394366197183 0.0 0.0 1.842394366197183 0.0 0.0 1.842394366197183 0.0 0.0 1.842394366197183 0.0 0.0 1.842394366197183 0.0 0.0 0.0 1.842394366197183 0.0 0.0 0.0 1.842394366197183 0.0 1.842394366197183 0.0 0.0 1.842394366197183 0.0 0.0 1.842394366197183 0.0 1.842394366197183 0.0 0.0 1.842394366197183 0.0 0.0 0.0 0.0 0.0 1.842394366197183 
 
214000
0.0 1.841214953271028 0.0 0.0 1.841214953271028 0.0 0.0 1.841214953271028 0.0 0.0 1.841214953271028 0.0 0.0 1.841214953271028 0.0 0.0 0.0 1.841214953271028 0.0 0.0 0.0 1.841214953271028 0.0 1.841214953271028 0.0 0.0 1.841214953271028 0.0 0.0 1.841214953271028 0.0 1.841214953271028 0.0 0.0 1.841214953271028 0.0 0.0 0.0 0.0 0.0 1.841214953271028 
 
215000
0.0 1.8414418604651164 0.0 0.0 1.8414418604651164 0.0 0.0 1.8414418604651164 0.0 0.0 1.8414418604651164 0.0 0.0 1.8414418604651164 0.0 0.0 0.0 1.8414418604651164 0.0 0.0 0.0 1.8414418604651164 0.0 1.8414418604651164 0.0 0.0 1.8414418604651164 0.0 0.0 1.8414418604651164 0.0 1.8414418604651164 0.0 0.0 1.8414418604651164 0.0 0.0 0.0 0.0 0.0 1.8414418604651164 
 
216000
0.0 1.8423611111111111 0.0 0.0 1.8423611111111111 0.0 0.0 1.8423611111111111 0.0 0.0 1.8423611111111111 0.0 0.0 1.8423611111111111 0.0 0.0 0.0 1.8423611111111111 0.0 0.0 0.0 1.8423611111111111 0.0 1.8423611111111111 0.0 0.0 1.8423611111111111 0.0 0.0 1.8423611111111111 0.0 1.8423611111111111 0.0 0.0 1.8423611111111111 0.0 0.0 0.0 0.0 0.0 1.8423611111111111 
 
217000
0.0 1.841336405529954 0.0 0.0 1.841336405529954 0.0 0.0 1.841336405529954 0.0 0.0 1.841336405529954 0.0 0.0 1.841336405529954 0.0 0.0 0.0 1.841336405529954 0.0 0.0 0.0 1.841336405529954 0.0 1.841336405529954 0.0 0.0 1.841336405529954 0.0 0.0 1.841336405529954 0.0 1.841336405529954 0.0 0.0 1.841336405529954 0.0 0.0 0.0 0.0 0.0 1.841336405529954 
 
218000
0.0 1.8396330275229358 0.0 0.0 1.8396330275229358 0.0 0.0 1.8396330275229358 0.0 0.0 1.8396330275229358 0.0 0.0 1.8396330275229358 0.0 0.0 0.0 1.8396330275229358 0.0 0.0 0.0 1.8396330275229358 0.0 1.8396330275229358 0.0 0.0 1.8396330275229358 0.0 0.0 1.8396330275229358 0.0 1.8396330275229358 0.0 0.0 1.8396330275229358 0.0 0.0 0.0 0.0 0.0 1.8396330275229358 
 
219000
0.0 1.83986301369863 0.0 0.0 1.83986301369863 0.0 0.0 1.83986301369863 0.0 0.0 1.83986301369863 0.0 0.0 1.83986301369863 0.0 0.0 0.0 1.83986301369863 0.0 0.0 0.0 1.83986301369863 0.0 1.83986301369863 0.0 0.0 1.83986301369863 0.0 0.0 1.83986301369863 0.0 1.83986301369863 0.0 0.0 1.83986301369863 0.0 0.0 0.0 0.0 0.0 1.83986301369863 
 
220000
0.0 1.8406363636363636 0.0 0.0 1.8406363636363636 0.0 0.0 1.8406363636363636 0.0 0.0 1.8406363636363636 0.0 0.0 1.8406363636363636 0.0 0.0 0.0 1.8406363636363636 0.0 0.0 0.0 1.8406363636363636 0.0 1.8406363636363636 0.0 0.0 1.8406363636363636 0.0 0.0 1.8406363636363636 0.0 1.8406363636363636 0.0 0.0 1.8406363636363636 0.0 0.0 0.0 0.0 0.0 1.8406363636363636 
 
221000
0.0 1.8401809954751132 0.0 0.0 1.8401809954751132 0.0 0.0 1.8401809954751132 0.0 0.0 1.8401809954751132 0.0 0.0 1.8401809954751132 0.0 0.0 0.0 1.8401809954751132 0.0 0.0 0.0 1.8401809954751132 0.0 1.8401809954751132 0.0 0.0 1.8401809954751132 0.0 0.0 1.8401809954751132 0.0 1.8401809954751132 0.0 0.0 1.8401809954751132 0.0 0.0 0.0 0.0 0.0 1.8401809954751132 
 
222000
0.0 1.8406756756756757 0.0 0.0 1.8406756756756757 0.0 0.0 1.8406756756756757 0.0 0.0 1.8406756756756757 0.0 0.0 1.8406756756756757 0.0 0.0 0.0 1.8406756756756757 0.0 0.0 0.0 1.8406756756756757 0.0 1.8406756756756757 0.0 0.0 1.8406756756756757 0.0 0.0 1.8406756756756757 0.0 1.8406756756756757 0.0 0.0 1.8406756756756757 0.0 0.0 0.0 0.0 0.0 1.8406756756756757 
 
223000
0.0 1.840627802690583 0.0 0.0 1.840627802690583 0.0 0.0 1.840627802690583 0.0 0.0 1.840627802690583 0.0 0.0 1.840627802690583 0.0 0.0 0.0 1.840627802690583 0.0 0.0 0.0 1.840627802690583 0.0 1.840627802690583 0.0 0.0 1.840627802690583 0.0 0.0 1.840627802690583 0.0 1.840627802690583 0.0 0.0 1.840627802690583 0.0 0.0 0.0 0.0 0.0 1.840627802690583 
 
224000
0.0 1.8391071428571428 0.0 0.0 1.8391071428571428 0.0 0.0 1.8391071428571428 0.0 0.0 1.8391071428571428 0.0 0.0 1.8391071428571428 0.0 0.0 0.0 1.8391071428571428 0.0 0.0 0.0 1.8391071428571428 0.0 1.8391071428571428 0.0 0.0 1.8391071428571428 0.0 0.0 1.8391071428571428 0.0 1.8391071428571428 0.0 0.0 1.8391071428571428 0.0 0.0 0.0 0.0 0.0 1.8391071428571428 
 
225000
0.0 1.8397333333333334 0.0 0.0 1.8397333333333334 0.0 0.0 1.8397333333333334 0.0 0.0 1.8397333333333334 0.0 0.0 1.8397333333333334 0.0 0.0 0.0 1.8397333333333334 0.0 0.0 0.0 1.8397333333333334 0.0 1.8397333333333334 0.0 0.0 1.8397333333333334 0.0 0.0 1.8397333333333334 0.0 1.8397333333333334 0.0 0.0 1.8397333333333334 0.0 0.0 0.0 0.0 0.0 1.8397333333333334 
 
226000
0.0 1.8384955752212389 0.0 0.0 1.8384955752212389 0.0 0.0 1.8384955752212389 0.0 0.0 1.8384955752212389 0.0 0.0 1.8384955752212389 0.0 0.0 0.0 1.8384955752212389 0.0 0.0 0.0 1.8384955752212389 0.0 1.8384955752212389 0.0 0.0 1.8384955752212389 0.0 0.0 1.8384955752212389 0.0 1.8384955752212389 0.0 0.0 1.8384955752212389 0.0 0.0 0.0 0.0 0.0 1.8384955752212389 
 
227000
0.0 1.8385903083700441 0.0 0.0 1.8385903083700441 0.0 0.0 1.8385903083700441 0.0 0.0 1.8385903083700441 0.0 0.0 1.8385903083700441 0.0 0.0 0.0 1.8385903083700441 0.0 0.0 0.0 1.8385903083700441 0.0 1.8385903083700441 0.0 0.0 1.8385903083700441 0.0 0.0 1.8385903083700441 0.0 1.8385903083700441 0.0 0.0 1.8385903083700441 0.0 0.0 0.0 0.0 0.0 1.8385903083700441 
 
228000
0.0 1.8378947368421052 0.0 0.0 1.8378947368421052 0.0 0.0 1.8378947368421052 0.0 0.0 1.8378947368421052 0.0 0.0 1.8378947368421052 0.0 0.0 0.0 1.8378947368421052 0.0 0.0 0.0 1.8378947368421052 0.0 1.8378947368421052 0.0 0.0 1.8378947368421052 0.0 0.0 1.8378947368421052 0.0 1.8378947368421052 0.0 0.0 1.8378947368421052 0.0 0.0 0.0 0.0 0.0 1.8378947368421052 
 
229000
0.0 1.8381222707423581 0.0 0.0 1.8381222707423581 0.0 0.0 1.8381222707423581 0.0 0.0 1.8381222707423581 0.0 0.0 1.8381222707423581 0.0 0.0 0.0 1.8381222707423581 0.0 0.0 0.0 1.8381222707423581 0.0 1.8381222707423581 0.0 0.0 1.8381222707423581 0.0 0.0 1.8381222707423581 0.0 1.8381222707423581 0.0 0.0 1.8381222707423581 0.0 0.0 0.0 0.0 0.0 1.8381222707423581 
 
230000
0.0 1.8375652173913044 0.0 0.0 1.8375652173913044 0.0 0.0 1.8375652173913044 0.0 0.0 1.8375652173913044 0.0 0.0 1.8375652173913044 0.0 0.0 0.0 1.8375652173913044 0.0 0.0 0.0 1.8375652173913044 0.0 1.8375652173913044 0.0 0.0 1.8375652173913044 0.0 0.0 1.8375652173913044 0.0 1.8375652173913044 0.0 0.0 1.8375652173913044 0.0 0.0 0.0 0.0 0.0 1.8375652173913044 
 
231000
0.0 1.8387012987012987 0.0 0.0 1.8387012987012987 0.0 0.0 1.8387012987012987 0.0 0.0 1.8387012987012987 0.0 0.0 1.8387012987012987 0.0 0.0 0.0 1.8387012987012987 0.0 0.0 0.0 1.8387012987012987 0.0 1.8387012987012987 0.0 0.0 1.8387012987012987 0.0 0.0 1.8387012987012987 0.0 1.8387012987012987 0.0 0.0 1.8387012987012987 0.0 0.0 0.0 0.0 0.0 1.8387012987012987 
 
232000
0.0 1.8391810344827586 0.0 0.0 1.8391810344827586 0.0 0.0 1.8391810344827586 0.0 0.0 1.8391810344827586 0.0 0.0 1.8391810344827586 0.0 0.0 0.0 1.8391810344827586 0.0 0.0 0.0 1.8391810344827586 0.0 1.8391810344827586 0.0 0.0 1.8391810344827586 0.0 0.0 1.8391810344827586 0.0 1.8391810344827586 0.0 0.0 1.8391810344827586 0.0 0.0 0.0 0.0 0.0 1.8391810344827586 
 
233000
0.0 1.8379828326180256 0.0 0.0 1.8379828326180256 0.0 0.0 1.8379828326180256 0.0 0.0 1.8379828326180256 0.0 0.0 1.8379828326180256 0.0 0.0 0.0 1.8379828326180256 0.0 0.0 0.0 1.8379828326180256 0.0 1.8379828326180256 0.0 0.0 1.8379828326180256 0.0 0.0 1.8379828326180256 0.0 1.8379828326180256 0.0 0.0 1.8379828326180256 0.0 0.0 0.0 0.0 0.0 1.8379828326180256 
 
234000
0.0 1.8385897435897436 0.0 0.0 1.8385897435897436 0.0 0.0 1.8385897435897436 0.0 0.0 1.8385897435897436 0.0 0.0 1.8385897435897436 0.0 0.0 0.0 1.8385897435897436 0.0 0.0 0.0 1.8385897435897436 0.0 1.8385897435897436 0.0 0.0 1.8385897435897436 0.0 0.0 1.8385897435897436 0.0 1.8385897435897436 0.0 0.0 1.8385897435897436 0.0 0.0 0.0 0.0 0.0 1.8385897435897436 
 
235000
0.0 1.8390638297872342 0.0 0.0 1.8390638297872342 0.0 0.0 1.8390638297872342 0.0 0.0 1.8390638297872342 0.0 0.0 1.8390638297872342 0.0 0.0 0.0 1.8390638297872342 0.0 0.0 0.0 1.8390638297872342 0.0 1.8390638297872342 0.0 0.0 1.8390638297872342 0.0 0.0 1.8390638297872342 0.0 1.8390638297872342 0.0 0.0 1.8390638297872342 0.0 0.0 0.0 0.0 0.0 1.8390638297872342 
 
236000
0.0 1.8385169491525424 0.0 0.0 1.8385169491525424 0.0 0.0 1.8385169491525424 0.0 0.0 1.8385169491525424 0.0 0.0 1.8385169491525424 0.0 0.0 0.0 1.8385169491525424 0.0 0.0 0.0 1.8385169491525424 0.0 1.8385169491525424 0.0 0.0 1.8385169491525424 0.0 0.0 1.8385169491525424 0.0 1.8385169491525424 0.0 0.0 1.8385169491525424 0.0 0.0 0.0 0.0 0.0 1.8385169491525424 
 
237000
0.0 1.839620253164557 0.0 0.0 1.839620253164557 0.0 0.0 1.839620253164557 0.0 0.0 1.839620253164557 0.0 0.0 1.839620253164557 0.0 0.0 0.0 1.839620253164557 0.0 0.0 0.0 1.839620253164557 0.0 1.839620253164557 0.0 0.0 1.839620253164557 0.0 0.0 1.839620253164557 0.0 1.839620253164557 0.0 0.0 1.839620253164557 0.0 0.0 0.0 0.0 0.0 1.839620253164557 
 
238000
0.0 1.8398319327731092 0.0 0.0 1.8398319327731092 0.0 0.0 1.8398319327731092 0.0 0.0 1.8398319327731092 0.0 0.0 1.8398319327731092 0.0 0.0 0.0 1.8398319327731092 0.0 0.0 0.0 1.8398319327731092 0.0 1.8398319327731092 0.0 0.0 1.8398319327731092 0.0 0.0 1.8398319327731092 0.0 1.8398319327731092 0.0 0.0 1.8398319327731092 0.0 0.0 0.0 0.0 0.0 1.8398319327731092 
 
239000
0.0 1.8385355648535564 0.0 0.0 1.8385355648535564 0.0 0.0 1.8385355648535564 0.0 0.0 1.8385355648535564 0.0 0.0 1.8385355648535564 0.0 0.0 0.0 1.8385355648535564 0.0 0.0 0.0 1.8385355648535564 0.0 1.8385355648535564 0.0 0.0 1.8385355648535564 0.0 0.0 1.8385355648535564 0.0 1.8385355648535564 0.0 0.0 1.8385355648535564 0.0 0.0 0.0 0.0 0.0 1.8385355648535564 
 
240000
0.0 1.837375 0.0 0.0 1.837375 0.0 0.0 1.837375 0.0 0.0 1.837375 0.0 0.0 1.837375 0.0 0.0 0.0 1.837375 0.0 0.0 0.0 1.837375 0.0 1.837375 0.0 0.0 1.837375 0.0 0.0 1.837375 0.0 1.837375 0.0 0.0 1.837375 0.0 0.0 0.0 0.0 0.0 1.837375 
 
241000
0.0 1.8375933609958506 0.0 0.0 1.8375933609958506 0.0 0.0 1.8375933609958506 0.0 0.0 1.8375933609958506 0.0 0.0 1.8375933609958506 0.0 0.0 0.0 1.8375933609958506 0.0 0.0 0.0 1.8375933609958506 0.0 1.8375933609958506 0.0 0.0 1.8375933609958506 0.0 0.0 1.8375933609958506 0.0 1.8375933609958506 0.0 0.0 1.8375933609958506 0.0 0.0 0.0 0.0 0.0 1.8375933609958506 
 
242000
0.0 1.8363223140495868 0.0 0.0 1.8363223140495868 0.0 0.0 1.8363223140495868 0.0 0.0 1.8363223140495868 0.0 0.0 1.8363223140495868 0.0 0.0 0.0 1.8363223140495868 0.0 0.0 0.0 1.8363223140495868 0.0 1.8363223140495868 0.0 0.0 1.8363223140495868 0.0 0.0 1.8363223140495868 0.0 1.8363223140495868 0.0 0.0 1.8363223140495868 0.0 0.0 0.0 0.0 0.0 1.8363223140495868 
 
243000
0.0 1.8365432098765433 0.0 0.0 1.8365432098765433 0.0 0.0 1.8365432098765433 0.0 0.0 1.8365432098765433 0.0 0.0 1.8365432098765433 0.0 0.0 0.0 1.8365432098765433 0.0 0.0 0.0 1.8365432098765433 0.0 1.8365432098765433 0.0 0.0 1.8365432098765433 0.0 0.0 1.8365432098765433 0.0 1.8365432098765433 0.0 0.0 1.8365432098765433 0.0 0.0 0.0 0.0 0.0 1.8365432098765433 
 
244000
0.0 1.8361475409836066 0.0 0.0 1.8361475409836066 0.0 0.0 1.8361475409836066 0.0 0.0 1.8361475409836066 0.0 0.0 1.8361475409836066 0.0 0.0 0.0 1.8361475409836066 0.0 0.0 0.0 1.8361475409836066 0.0 1.8361475409836066 0.0 0.0 1.8361475409836066 0.0 0.0 1.8361475409836066 0.0 1.8361475409836066 0.0 0.0 1.8361475409836066 0.0 0.0 0.0 0.0 0.0 1.8361475409836066 
 
245000
0.0 1.8380816326530611 0.0 0.0 1.8380816326530611 0.0 0.0 1.8380816326530611 0.0 0.0 1.8380816326530611 0.0 0.0 1.8380816326530611 0.0 0.0 0.0 1.8380816326530611 0.0 0.0 0.0 1.8380816326530611 0.0 1.8380816326530611 0.0 0.0 1.8380816326530611 0.0 0.0 1.8380816326530611 0.0 1.8380816326530611 0.0 0.0 1.8380816326530611 0.0 0.0 0.0 0.0 0.0 1.8380816326530611 
 
246000
0.0 1.839268292682927 0.0 0.0 1.839268292682927 0.0 0.0 1.839268292682927 0.0 0.0 1.839268292682927 0.0 0.0 1.839268292682927 0.0 0.0 0.0 1.839268292682927 0.0 0.0 0.0 1.839268292682927 0.0 1.839268292682927 0.0 0.0 1.839268292682927 0.0 0.0 1.839268292682927 0.0 1.839268292682927 0.0 0.0 1.839268292682927 0.0 0.0 0.0 0.0 0.0 1.839268292682927 
 
247000
0.0 1.8402024291497976 0.0 0.0 1.8402024291497976 0.0 0.0 1.8402024291497976 0.0 0.0 1.8402024291497976 0.0 0.0 1.8402024291497976 0.0 0.0 0.0 1.8402024291497976 0.0 0.0 0.0 1.8402024291497976 0.0 1.8402024291497976 0.0 0.0 1.8402024291497976 0.0 0.0 1.8402024291497976 0.0 1.8402024291497976 0.0 0.0 1.8402024291497976 0.0 0.0 0.0 0.0 0.0 1.8402024291497976 
 
248000
0.0 1.8405241935483871 0.0 0.0 1.8405241935483871 0.0 0.0 1.8405241935483871 0.0 0.0 1.8405241935483871 0.0 0.0 1.8405241935483871 0.0 0.0 0.0 1.8405241935483871 0.0 0.0 0.0 1.8405241935483871 0.0 1.8405241935483871 0.0 0.0 1.8405241935483871 0.0 0.0 1.8405241935483871 0.0 1.8405241935483871 0.0 0.0 1.8405241935483871 0.0 0.0 0.0 0.0 0.0 1.8405241935483871 
 
249000
0.0 1.842289156626506 0.0 0.0 1.842289156626506 0.0 0.0 1.842289156626506 0.0 0.0 1.842289156626506 0.0 0.0 1.842289156626506 0.0 0.0 0.0 1.842289156626506 0.0 0.0 0.0 1.842289156626506 0.0 1.842289156626506 0.0 0.0 1.842289156626506 0.0 0.0 1.842289156626506 0.0 1.842289156626506 0.0 0.0 1.842289156626506 0.0 0.0 0.0 0.0 0.0 1.842289156626506 
 
0.0 1.84176 0.0 0.0 1.84176 0.0 0.0 1.84176 0.0 0.0 1.84176 0.0 0.0 1.84176 0.0 0.0 0.0 1.84176 0.0 0.0 0.0 1.84176 0.0 1.84176 0.0 0.0 1.84176 0.0 0.0 1.84176 0.0 1.84176 0.0 0.0 1.84176 0.0 0.0 0.0 0.0 0.0 1.84176 
 
