0 0 0 0  0 0 0  
1 0 0 0  0 0 0  
2 0 0 0  0 0 0  
3 0 0 0  0 0 0  
4 0 0 0  0 0 0  
5 0 0 0  0 0 0  
6 0 0 0  0 0 0  
7 0 0 0  0 0 0  
8 0 0 0  0 0 0  
9 0 0 0  0 0 0  
10 0 0 0  0 0 0  
11 0 0 0  0 0 0  
12 0 0 0  0 0 0  
13 0 0 0  0 0 0  
14 0 0 0  0 0 0  
15 0 0 0  0 0 0  
16 0 0 0  0 0 0  
17 0 0 0  0 0 0  
18 0 0 0  0 0 0  
19 0 0 0  0 0 0  
20 0 0 0  0 0 0  
21 0 0 0  0 0 0  
22 0 0 0  0 0 0  
23 0 0 0  0 0 0  
24 0 0 0  0 0 0  
25 0 0 0  0 0 0  
26 0 0 0  0 0 0  
27 0 0 0  0 0 0  
28 0 0 0  0 0 0  
29 0 0 0  0 0 0  
30 0 0 0  0 0 0  
31 0 0 0  0 0 0  
32 0 0 0  0 0 0  
33 0 0 0  0 0 0  
34 0 0 0  0 0 0  
35 0 0 0  0 0 0  
36 34081682 11011247 11009080  0.6074948581609617 0.19627188395338926 0.196233257885649 
37 7869483 3144259 3137962  0.5560802430576558 0.22218236051291068 0.22173739642943352 
38 7872732 3140570 3140457  0.5562290554756514 0.22188946413458077 0.22188148038976782 
39 34082955 11014123 11009500  0.6074680762031147 0.19630716027628703 0.19622476352059826 
40 11747892 3799534 3800488  0.6071916590077876 0.19637951667554446 0.19642882431666794 
41 7422354 2671543 2673894  0.5813342339328706 0.2092408154237487 0.20942495064338068 
42 2699659 1096885 1098774  0.5514777589525338 0.2240681810660717 0.22445405998139448 
43 7873973 2224439 2223775  0.6390077508156629 0.18052306786124897 0.18046918132308817 
44 11076197 3582949 3580674  0.6072536351784174 0.19643554596481763 0.19631081885676505 
45 7275766 2381543 2381531  0.6043577288177266 0.19782163397802446 0.19782063720424892 
46 2546768 1033714 1033537  0.5519630500004443 0.22403765567502 0.22399929432453572 
47 7424814 2234520 2232476  0.6243636586861041 0.18790411215786326 0.1877322291560326 
48 11091258 3583862 3582556  0.6074846546734645 0.19629343844200106 0.19622190688453447 
49 7421831 2236458 2234246  0.6240747662294036 0.18805561640138121 0.18786961736921523 
50 2548444 1036276 1032907  0.5518947286127701 0.22441743345662177 0.2236878379306081 
51 7277422 2382906 2381169  0.604361899521297 0.1978911758230725 0.19774692465563043 
52 11764837 3800282 3800936  0.6074978615933911 0.19623418398842718 0.1962679544181817 
53 7871838 2222674 2225994  0.6389216481855534 0.1804044411812307 0.1806739106332159 
54 2702273 1097361 1098393  0.5517064319980269 0.22404143545962488 0.2242521325423482 
55 7422665 2672339 2675353  0.5812417773442042 0.20926110366374254 0.20949711899205323 
56 34100576 11013598 11014565  0.6075421719344167 0.19622029990732556 0.19623752815825776 
57 34102133 11013966 11013889  0.6075563921374791 0.1962224898391213 0.19622111802339953 
58 7873370 3140071 3142419  0.556191570134206 0.22182128108076796 0.22198714878502612 
59 7872060 3140682 3141894  0.5561471167467676 0.22188362879836684 0.22196925445486554 
60 0 0 0  0 0 0  
61 0 0 0  0 0 0  
62 0 0 0  0 0 0  
63 0 0 0  0 0 0  
64 0 0 0  0 0 0  
65 0 0 0  0 0 0  
66 0 0 0  0 0 0  
67 0 0 0  0 0 0  
68 7868242 2220768 2221838  0.6391307893656066 0.18039114770972722 0.18047806292466612 
69 2698323 1098504 1094990  0.5515993341533422 0.22455950416787873 0.22384116167877907 
70 7425112 2672361 2671049  0.5815169523927671 0.209292900149289 0.20919014745794384 
71 11735648 3797703 3797286  0.6071009455094522 0.19646031323230578 0.19643874125824204 
72 2701689 776145 775946  0.6351266403057986 0.18246007080761112 0.18241328888659028 
73 2543049 930169 930809  0.5774371955485287 0.21120874145412824 0.2113540629973431 
74 2546470 931062 929559  0.577811985275548 0.21126452800725012 0.2109234867172019 
75 2700790 775386 777263  0.6349662002911056 0.18229625486576861 0.18273754484312577 
76 2547572 733110 730821  0.6350667069175817 0.1827519510766912 0.18218134200572703 
77 2495609 828637 829225  0.6008490248276682 0.19950470341552884 0.1996462717568029 
78 2401373 876017 877312  0.5779892276269153 0.21084953866727385 0.2111612337058109 
79 2546431 778598 779297  0.6204261065032358 0.1897017926938552 0.18987210080290892 
80 2549266 731839 733757  0.63495731609206 0.1822824794476124 0.18276020446032765 
81 2544533 779740 780479  0.61989932643921 0.189960319161791 0.190140354398999 
82 2402826 878387 877304  0.5778083869802625 0.2112260211993843 0.21096559182035327 
83 2497488 831290 830333  0.6004860173243753 0.1998720399623862 0.19964194271323848 
84 2702885 776543 777731  0.6349034649633711 0.18240873784606118 0.1826877971905677 
85 2699297 777596 777315  0.6345004757642315 0.18278278824166566 0.1827167359941028 
86 2546513 931342 933132  0.5773113817837142 0.21114140667383513 0.2115472115424507 
87 2546967 931523 931118  0.5775948791820044 0.21124848285834025 0.21115663795965536 
88 7873592 2222984 2223196  0.639102087278888 0.18044035230522124 0.1804575604158908 
89 11750352 3798847 3800366  0.6072669850717575 0.19632725593572775 0.1964057589925148 
90 7421268 2672364 2676932  0.5811229637156198 0.20925966934584878 0.20961736693853145 
91 2700535 1096678 1098347  0.5516294356518968 0.22401482159344385 0.22435574275465933 
92 0 0 0  0 0 0  
93 0 0 0  0 0 0  
94 0 0 0  0 0 0  
95 0 0 0  0 0 0  
96 0 0 0  0 0 0  
97 0 0 0  0 0 0  
98 0 0 0  0 0 0  
99 0 0 0  0 0 0  
100 7418155 2238780 2237627  0.6236593663558188 0.18821878434867967 0.1881218492955016 
101 2548943 1035951 1038277  0.5513408437628632 0.2240780191777462 0.22458113705939062 
102 7276312 2384471 2384391  0.6040852543931703 0.19796069363547592 0.19795405197135385 
103 11077649 3584938 3584111  0.6071043100510569 0.1964705066089218 0.1964251833400213 
104 2547584 779631 778330  0.6205227320611515 0.1898970782198222 0.18958018971902635 
105 2402719 877720 877761  0.5778267038622481 0.21108171805107978 0.21109157808667212 
106 2495225 831393 829626  0.6003557538970282 0.2000346947869278 0.199609551316044 
107 2546951 732779 732054  0.6348674305496009 0.18265664352816602 0.1824759259222331 
108 2403680 735866 735965  0.6202227267578392 0.1898758641118552 0.18990140913030565 
109 2355702 782370 783207  0.6007483782714772 0.19951908548205827 0.19973253624646448 
110 2354645 782522 782694  0.6006960450893539 0.19963003790185418 0.1996739170087919 
111 2402061 734402 736118  0.6202739206746095 0.189641481998698 0.19008459732669244 
112 2403093 734542 735089  0.6205174962119686 0.18967062976860732 0.18981187401942407 
113 2403385 734908 734056  0.6206529938288103 0.18978351383101058 0.18956349234017905 
114 2356402 783518 782105  0.6008125904347882 0.19977384131921647 0.19941356824599538 
115 2354094 783198 784291  0.6002917699306632 0.19971475804541175 0.19999347202392503 
116 2548321 781625 780654  0.6199389383544981 0.19014864010120178 0.1899124215443001 
117 2550428 732264 732411  0.6352086110866895 0.18237738857508762 0.18241400033822294 
118 2495893 831813 830093  0.6002918852017618 0.20006089760471826 0.19964721719351994 
119 2402976 878156 879022  0.5776170785985326 0.2110873780153331 0.21129554338613427 
120 7422728 2236297 2234849  0.6240799255145968 0.18802090891495907 0.1878991655704441 
121 11081938 3584486 3583601  0.6072286476319896 0.19640992272613325 0.1963614296418772 
122 7277531 2383034 2381362  0.604349370329184 0.19789473894003842 0.19775589073077757 
123 2547687 1034023 1036173  0.5517002054837682 0.22391710660490965 0.22438268791132213 
124 0 0 0  0 0 0  
125 0 0 0  0 0 0  
126 0 0 0  0 0 0  
127 0 0 0  0 0 0  
128 0 0 0  0 0 0  
129 0 0 0  0 0 0  
130 0 0 0  0 0 0  
131 0 0 0  0 0 0  
132 7271347 2380236 2383186  0.6041949787320388 0.19777994907920543 0.19802507218875576 
133 2546876 1036670 1032796  0.5517086905606213 0.22456525101476452 0.22372605842461413 
134 7426120 2234906 2236106  0.6241941335104965 0.18785250092207095 0.18795336556743256 
135 11081036 3583541 3584150  0.6072224106371913 0.1963721085859852 0.1964054807768235 
136 2495005 830701 831133  0.6002168955785875 0.19983958964973145 0.19994351477168107 
137 2400299 878602 877483  0.5774969300237899 0.2113861471894801 0.21111692278673 
138 2547481 778607 778807  0.6205958983116499 0.18967768968511983 0.1897264120032303 
139 2549599 732024 731068  0.6353838359345387 0.18242720408822907 0.18218895997723222 
140 2357902 783893 781899  0.6009393189173263 0.19978443782823024 0.1992762432544434 
141 2352941 783496 783400  0.6002650110195908 0.19987973989734778 0.19985524908306135 
142 2403084 735272 735645  0.6203106297597755 0.18979654367667947 0.18989282656354503 
143 2402951 735384 735860  0.6202452380429999 0.18981594886163447 0.18993881309536562 
144 2355470 783935 783748  0.6004022784734625 0.19982269363443128 0.19977502789210616 
145 2400536 735731 735743  0.6199715393297022 0.1900126807523741 0.19001577991792376 
146 2403727 735064 735134  0.620488780758533 0.18974657485625043 0.18976464438521654 
147 2357024 783169 781792  0.6009773112339797 0.19968689324410982 0.19933579552191047 
148 2500033 831035 830200  0.6007863468538917 0.19970715656862284 0.1995064965774855 
149 2546430 731842 733262  0.6347771201739784 0.1824344502626676 0.18278842956335406 
150 2545767 780767 779963  0.6199364080869899 0.19012968961136462 0.18993390230164542 
151 2403173 877829 878762  0.5777185917277999 0.21102855835090645 0.21125284992129362 
152 7276250 2380805 2383567  0.6043084817379035 0.1977310640596474 0.197960454202449 
153 11076606 3582923 3579632  0.6072980001656875 0.19644121788277433 0.19626078195153823 
154 7424088 2235942 2235320  0.6241168187569092 0.18796773529152147 0.1879154459515693 
155 2548797 1035816 1034896  0.551746300310271 0.22422642752725452 0.22402727216247442 
156 0 0 0  0 0 0  
157 0 0 0  0 0 0  
158 0 0 0  0 0 0  
159 0 0 0  0 0 0  
160 0 0 0  0 0 0  
161 0 0 0  0 0 0  
162 0 0 0  0 0 0  
163 0 0 0  0 0 0  
164 7418432 2672222 2670858  0.5813129353324277 0.20939697427702925 0.20929009039054305 
165 2698521 1099545 1096990  0.5512747964476811 0.2246235793829529 0.224101624169366 
166 7878147 2224803 2222834  0.6391599106393557 0.18049991789568923 0.1803401714649551 
167 11749830 3795827 3800119  0.6073589397499485 0.19620960151714772 0.19643145873290377 
168 2547332 930131 931145  0.5778086870050592 0.2109806542110344 0.2112106587839064 
169 2545110 929350 929724  0.5778845752130247 0.21101525276873082 0.21110017201824446 
170 2702150 776201 775532  0.6352196334501913 0.18246881731349923 0.18231154923630952 
171 2700285 775386 777052  0.634954357478726 0.1823269467585827 0.18271869576269134 
172 2404910 878963 877870  0.5778612470784477 0.21120069163328922 0.21093806128826312 
173 2497410 829097 829003  0.6009876044095671 0.19951750807963403 0.1994948875107989 
174 2548997 731454 731437  0.6353609572350973 0.1823216400856654 0.1823174026792373 
175 2545377 780694 779707  0.619949982682941 0.1901452051231216 0.18990481219393743 
176 2404241 877695 879268  0.5777753265641387 0.2109233289211488 0.21130134451471258 
177 2547475 780653 780230  0.6200713277664702 0.19001581653789665 0.18991285569563315 
178 2549977 732432 733253  0.6350078766589419 0.18239383693149475 0.18259828640956335 
179 2496454 829749 831282  0.6004721604527737 0.19957955350410164 0.19994828604312462 
180 2550177 932378 930437  0.5778793616666424 0.21128023798819487 0.21084040034516266 
181 2703038 777548 777517  0.6347986415547017 0.18260431934126534 0.18259703910403294 
182 2700992 775672 778250  0.6347935586947233 0.182300276809355 0.18290616449592165 
183 2545785 931353 931599  0.5774408861313343 0.21125165778770655 0.21130745608095924 
184 7425174 2676266 2674542  0.5811822527614707 0.20947634397105444 0.20934140326747486 
185 11760109 3804942 3799377  0.6073047445553259 0.19649131903095718 0.19620393641371695 
186 7877427 2223922 2225015  0.6390714244687241 0.1804199519014691 0.1805086236298068 
187 2702628 1098502 1097334  0.5517296850604597 0.22425437851538768 0.22401593642415255 
188 0 0 0  0 0 0  
189 0 0 0  0 0 0  
190 0 0 0  0 0 0  
191 0 0 0  0 0 0  
192 0 0 0  0 0 0  
193 0 0 0  0 0 0  
194 0 0 0  0 0 0  
195 0 0 0  0 0 0  
196 7868695 3144772 3146073  0.5557168523836227 0.2220956330502262 0.22218751456615116 
197 7881937 3143909 3145191  0.5562004389657581 0.22185454741244412 0.22194501362179775 
198 34130285 11022549 11026265  0.6075263862811328 0.1962037340613099 0.19626987965755735 
199 34127117 11014349 11026759  0.6075875995725342 0.19609572850130122 0.19631667192616467 
200 2703498 1100418 1098716  0.5514380846859401 0.22445453788903594 0.22410737742502396 
201 7431918 2672097 2677737  0.5814475198705154 0.20905561303333065 0.20949686709615395 
202 11750512 3797035 3799397  0.6073575237515547 0.19626019489176172 0.1963822813566835 
203 7872486 2224895 2222185  0.6390229980504183 0.18059848861558922 0.18037851333399244 
204 2552046 1034917 1035279  0.5521229740891974 0.22389935446910827 0.2239776714416943 
205 7284742 2384133 2384079  0.6043947400778266 0.1978048700758337 0.19780038984633974 
206 11085785 3587454 3586119  0.6071289582032402 0.19647207749582432 0.19639896430093545 
207 7423815 2238163 2240443  0.6237231064167533 0.1880426679580566 0.18823422562519004 
208 2551225 1035531 1037282  0.5517309762592781 0.22394517519103432 0.22432384854968754 
209 7432234 2238141 2238280  0.6241035616532682 0.18794238308188457 0.1879540552648473 
210 11106683 3586250 3588382  0.6075428928389451 0.196170242676744 0.1962868644843109 
211 7279688 2385758 2386514  0.6040252373887732 0.19795601711256924 0.19801874549865747 
212 2704122 1099467 1097877  0.5516965740453978 0.22431390934875403 0.22398951660584812 
213 7883407 2225509 2226377  0.6390936153685203 0.18041800871693928 0.1804883759145405 
214 11750690 3799960 3803592  0.6071377013886672 0.19633731974623445 0.1965249788650984 
215 7428428 2675089 2677051  0.5812283147353076 0.20930908548039492 0.20946259978429754 
216 7878103 3146878 3146479  0.5559132933374543 0.22205743092102012 0.22202927574152556 
217 34140743 11027512 11028782  0.6075185600977504 0.196229420423002 0.19625201947924764 
218 34152666 11024181 11026009  0.607667802504556 0.19614983622896318 0.19618236126648084 
219 7882731 3142678 3145251  0.5562712675344691 0.22177358005907982 0.22195515240645108 
220 0 0 0  0 0 0  
221 0 0 0  0 0 0  
222 0 0 0  0 0 0  
223 0 0 0  0 0 0  
224 0 0 0  0 0 0  
225 0 0 0  0 0 0  
226 0 0 0  0 0 0  
227 0 0 0  0 0 0  
228 0 0 0  0 0 0  
229 0 0 0  0 0 0  
230 0 0 0  0 0 0  
231 0 0 0  0 0 0  
232 0 0 0  0 0 0  
233 0 0 0  0 0 0  
234 0 0 0  0 0 0  
235 0 0 0  0 0 0  
236 0 0 0  0 0 0  
237 0 0 0  0 0 0  
238 0 0 0  0 0 0  
239 0 0 0  0 0 0  
240 0 0 0  0 0 0  
241 0 0 0  0 0 0  
242 0 0 0  0 0 0  
243 0 0 0  0 0 0  
244 0 0 0  0 0 0  
245 0 0 0  0 0 0  
246 0 0 0  0 0 0  
247 0 0 0  0 0 0  
248 0 0 0  0 0 0  
249 0 0 0  0 0 0  
250 0 0 0  0 0 0  
251 0 0 0  0 0 0  
252 0 0 0  0 0 0  
253 0 0 0  0 0 0  
254 0 0 0  0 0 0  
255 0 0 0  0 0 0  
